19.98	-1.48159e-08
19.96	-7.73159e-09
19.94	-6.02962e-09
19.92	-5.2236e-09
19.9	-4.74953e-09
19.88	-4.43867e-09
19.86	-4.22329e-09
19.84	-4.06786e-09
19.82	-3.95572e-09
19.8	-3.87357e-09
19.78	-3.81473e-09
19.76	-3.77143e-09
19.74	-3.74367e-09
19.72	-3.72813e-09
19.7	-3.71925e-09
19.68	-3.72147e-09
19.66	-3.72924e-09
19.64	-3.74367e-09
19.62	-3.76144e-09
19.6	-3.78586e-09
19.58	-3.81473e-09
19.56	-3.84803e-09
19.54	-3.88578e-09
19.52	-3.92464e-09
19.5	-3.96683e-09
19.48	-4.01457e-09
19.46	-4.06342e-09
19.44	-4.11338e-09
19.42	-4.16889e-09
19.4	-4.2244e-09
19.38	-4.28435e-09
19.36	-4.34652e-09
19.34	-4.41203e-09
19.32	-4.47753e-09
19.3	-4.54747e-09
19.28	-4.61853e-09
19.26	-4.6918e-09
19.24	-4.76952e-09
19.22	-4.84612e-09
19.2	-4.92606e-09
19.18	-5.00822e-09
19.16	-5.09481e-09
19.14	-5.1803e-09
19.12	-5.27023e-09
19.1	-5.3646e-09
19.08	-5.45786e-09
19.06	-5.55445e-09
19.04	-5.65326e-09
19.02	-5.75318e-09
19	-5.85865e-09
18.98	-5.96523e-09
18.96	-6.07403e-09
18.94	-6.18616e-09
18.92	-6.29941e-09
18.9	-6.41487e-09
18.88	-6.53366e-09
18.86	-6.6569e-09
18.84	-6.78235e-09
18.82	-6.90892e-09
18.8	-7.03881e-09
18.78	-7.17093e-09
18.76	-7.30749e-09
18.74	-7.44738e-09
18.72	-7.58948e-09
18.7	-7.73381e-09
18.68	-7.88369e-09
18.66	-8.03246e-09
18.64	-8.18789e-09
18.62	-8.34555e-09
18.6	-8.50542e-09
18.58	-8.67195e-09
18.56	-8.83849e-09
18.54	-9.00946e-09
18.52	-9.18599e-09
18.5	-9.36473e-09
18.48	-9.54681e-09
18.46	-9.73333e-09
18.44	-9.92428e-09
18.42	-1.01186e-08
18.4	-1.03162e-08
18.38	-1.05205e-08
18.36	-1.07259e-08
18.34	-1.09368e-08
18.32	-1.11511e-08
18.3	-1.1372e-08
18.28	-1.15952e-08
18.26	-1.18239e-08
18.24	-1.20559e-08
18.22	-1.22968e-08
18.2	-1.254e-08
18.18	-1.27875e-08
18.16	-1.30396e-08
18.14	-1.32983e-08
18.12	-1.35636e-08
18.1	-1.38312e-08
18.08	-1.41065e-08
18.06	-1.43863e-08
18.04	-1.46727e-08
18.02	-1.49658e-08
18	-1.52622e-08
17.98	-1.55653e-08
17.96	-1.58762e-08
17.94	-1.61915e-08
17.92	-1.65157e-08
17.9	-1.68443e-08
17.88	-1.71818e-08
17.86	-1.75226e-08
17.84	-1.78735e-08
17.82	-1.8231e-08
17.8	-1.85951e-08
17.78	-1.89659e-08
17.76	-1.93456e-08
17.74	-1.9732e-08
17.72	-2.01283e-08
17.7	-2.05302e-08
17.68	-2.09432e-08
17.66	-2.13607e-08
17.64	-2.17903e-08
17.62	-2.22244e-08
17.6	-2.26708e-08
17.58	-2.31248e-08
17.56	-2.35889e-08
17.54	-2.40608e-08
17.52	-2.45448e-08
17.5	-2.50377e-08
17.48	-2.55385e-08
17.46	-2.60514e-08
17.44	-2.65732e-08
17.42	-2.71072e-08
17.4	-2.76512e-08
17.38	-2.82063e-08
17.36	-2.87748e-08
17.34	-2.93521e-08
17.32	-2.99405e-08
17.3	-3.05422e-08
17.28	-3.11551e-08
17.26	-3.17812e-08
17.24	-3.24196e-08
17.22	-3.30713e-08
17.2	-3.37375e-08
17.18	-3.44158e-08
17.16	-3.51064e-08
17.14	-3.58125e-08
17.12	-3.65341e-08
17.1	-3.72669e-08
17.08	-3.80185e-08
17.06	-3.87812e-08
17.04	-3.95617e-08
17.02	-4.03577e-08
17	-4.11704e-08
16.98	-4.19975e-08
16.96	-4.28446e-08
16.94	-4.37061e-08
16.92	-4.45843e-08
16.9	-4.54814e-08
16.88	-4.63984e-08
16.86	-4.7331e-08
16.84	-4.82825e-08
16.82	-4.92562e-08
16.8	-5.02476e-08
16.78	-5.1259e-08
16.76	-5.22904e-08
16.74	-5.33451e-08
16.72	-5.44187e-08
16.7	-5.55145e-08
16.68	-5.66314e-08
16.66	-5.77727e-08
16.64	-5.89351e-08
16.62	-6.01241e-08
16.6	-6.13332e-08
16.58	-6.25677e-08
16.56	-6.38289e-08
16.54	-6.51135e-08
16.52	-6.64258e-08
16.5	-6.77636e-08
16.48	-6.9128e-08
16.46	-7.05214e-08
16.44	-7.19425e-08
16.42	-7.33913e-08
16.4	-7.4869e-08
16.38	-7.63789e-08
16.36	-7.79166e-08
16.34	-7.94853e-08
16.32	-8.10874e-08
16.3	-8.27205e-08
16.28	-8.43869e-08
16.26	-8.60867e-08
16.24	-8.7822e-08
16.22	-8.95906e-08
16.2	-9.13947e-08
16.18	-9.32365e-08
16.16	-9.51161e-08
16.14	-9.70313e-08
16.12	-9.89853e-08
16.1	-1.0098e-07
16.08	-1.03016e-07
16.06	-1.0509e-07
16.04	-1.07206e-07
16.02	-1.09368e-07
16	-1.11572e-07
15.98	-1.13819e-07
15.96	-1.1611e-07
15.94	-1.18451e-07
15.92	-1.20836e-07
15.9	-1.23271e-07
15.88	-1.25755e-07
15.86	-1.2829e-07
15.84	-1.30873e-07
15.82	-1.3351e-07
15.8	-1.362e-07
15.78	-1.38942e-07
15.76	-1.41743e-07
15.74	-1.44597e-07
15.72	-1.47509e-07
15.7	-1.50481e-07
15.68	-1.53512e-07
15.66	-1.56606e-07
15.64	-1.5976e-07
15.62	-1.62977e-07
15.6	-1.6626e-07
15.58	-1.6961e-07
15.56	-1.73027e-07
15.54	-1.76511e-07
15.52	-1.80067e-07
15.5	-1.83693e-07
15.48	-1.87393e-07
15.46	-1.91168e-07
15.44	-1.95018e-07
15.42	-1.98944e-07
15.4	-2.02952e-07
15.38	-2.0704e-07
15.36	-2.11209e-07
15.34	-2.15463e-07
15.32	-2.19802e-07
15.3	-2.24228e-07
15.28	-2.28743e-07
15.26	-2.33349e-07
15.24	-2.38048e-07
15.22	-2.42841e-07
15.2	-2.47731e-07
15.18	-2.52719e-07
15.16	-2.57807e-07
15.14	-2.62997e-07
15.12	-2.68293e-07
15.1	-2.73696e-07
15.08	-2.79203e-07
15.06	-2.84825e-07
15.04	-2.90559e-07
15.02	-2.96408e-07
15	-3.02376e-07
14.98	-3.08461e-07
14.96	-3.14672e-07
14.94	-3.21005e-07
14.92	-3.27466e-07
14.9	-3.34055e-07
14.88	-3.40781e-07
14.86	-3.4764e-07
14.84	-3.54635e-07
14.82	-3.61771e-07
14.8	-3.69051e-07
14.78	-3.76479e-07
14.76	-3.84053e-07
14.74	-3.91781e-07
14.72	-3.99664e-07
14.7	-4.07705e-07
14.68	-4.1591e-07
14.66	-4.24278e-07
14.64	-4.32813e-07
14.62	-4.41519e-07
14.6	-4.50402e-07
14.58	-4.59462e-07
14.56	-4.68703e-07
14.54	-4.78132e-07
14.52	-4.87749e-07
14.5	-4.97559e-07
14.48	-5.07566e-07
14.46	-5.17774e-07
14.44	-5.28185e-07
14.42	-5.38808e-07
14.4	-5.49643e-07
14.38	-5.60694e-07
14.36	-5.71967e-07
14.34	-5.83468e-07
14.32	-5.95198e-07
14.3	-6.07164e-07
14.28	-6.19369e-07
14.26	-6.3182e-07
14.24	-6.44521e-07
14.22	-6.57477e-07
14.2	-6.70691e-07
14.18	-6.84173e-07
14.16	-6.97922e-07
14.14	-7.11947e-07
14.12	-7.26255e-07
14.1	-7.4085e-07
14.08	-7.55735e-07
14.06	-7.70919e-07
14.04	-7.86409e-07
14.02	-8.02207e-07
14	-8.18324e-07
13.98	-8.34762e-07
13.96	-8.51532e-07
13.94	-8.68635e-07
13.92	-8.86081e-07
13.9	-9.03877e-07
13.88	-9.22029e-07
13.86	-9.40544e-07
13.84	-9.59433e-07
13.82	-9.78695e-07
13.8	-9.98347e-07
13.78	-1.01839e-06
13.76	-1.03883e-06
13.74	-1.05969e-06
13.72	-1.08096e-06
13.7	-1.10266e-06
13.68	-1.12479e-06
13.66	-1.14736e-06
13.64	-1.17039e-06
13.62	-1.19387e-06
13.6	-1.21783e-06
13.58	-1.24227e-06
13.56	-1.26719e-06
13.54	-1.29261e-06
13.52	-1.31854e-06
13.5	-1.34499e-06
13.48	-1.37197e-06
13.46	-1.39948e-06
13.44	-1.42755e-06
13.42	-1.45618e-06
13.4	-1.48538e-06
13.38	-1.51516e-06
13.36	-1.54553e-06
13.34	-1.57652e-06
13.32	-1.60812e-06
13.3	-1.64036e-06
13.28	-1.67323e-06
13.26	-1.70677e-06
13.24	-1.74097e-06
13.22	-1.77586e-06
13.2	-1.81144e-06
13.18	-1.84773e-06
13.16	-1.88475e-06
13.14	-1.9225e-06
13.12	-1.96101e-06
13.1	-2.00029e-06
13.08	-2.04034e-06
13.06	-2.0812e-06
13.04	-2.12287e-06
13.02	-2.16538e-06
13	-2.20873e-06
12.98	-2.25294e-06
12.96	-2.29804e-06
12.94	-2.34403e-06
12.92	-2.39094e-06
12.9	-2.43879e-06
12.88	-2.48758e-06
12.86	-2.53735e-06
12.84	-2.58811e-06
12.82	-2.63988e-06
12.8	-2.69268e-06
12.78	-2.74654e-06
12.76	-2.80146e-06
12.74	-2.85748e-06
12.72	-2.91461e-06
12.7	-2.97287e-06
12.68	-3.0323e-06
12.66	-3.0929e-06
12.64	-3.15472e-06
12.62	-3.21776e-06
12.6	-3.28205e-06
12.58	-3.34762e-06
12.56	-3.4145e-06
12.54	-3.4827e-06
12.52	-3.55226e-06
12.5	-3.62319e-06
12.48	-3.69554e-06
12.46	-3.76932e-06
12.44	-3.84457e-06
12.42	-3.92131e-06
12.4	-3.99958e-06
12.38	-4.07939e-06
12.36	-4.16079e-06
12.34	-4.2438e-06
12.32	-4.32846e-06
12.3	-4.4148e-06
12.28	-4.50284e-06
12.26	-4.59264e-06
12.24	-4.68421e-06
12.22	-4.7776e-06
12.2	-4.87283e-06
12.18	-4.96995e-06
12.16	-5.069e-06
12.14	-5.17e-06
12.12	-5.27301e-06
12.1	-5.37805e-06
12.08	-5.48517e-06
12.06	-5.5944e-06
12.04	-5.7058e-06
12.02	-5.8194e-06
12	-5.93525e-06
11.98	-6.05338e-06
11.96	-6.17385e-06
11.94	-6.2967e-06
11.92	-6.42197e-06
11.9	-6.54972e-06
11.88	-6.67999e-06
11.86	-6.81283e-06
11.84	-6.94828e-06
11.82	-7.08642e-06
11.8	-7.22728e-06
11.78	-7.37091e-06
11.76	-7.51737e-06
11.74	-7.66673e-06
11.72	-7.81902e-06
11.7	-7.97431e-06
11.68	-8.13267e-06
11.66	-8.29414e-06
11.64	-8.45878e-06
11.62	-8.62667e-06
11.6	-8.79786e-06
11.58	-8.97242e-06
11.56	-9.15041e-06
11.54	-9.3319e-06
11.52	-9.51696e-06
11.5	-9.70565e-06
11.48	-9.89805e-06
11.46	-1.00942e-05
11.44	-1.02943e-05
11.42	-1.04982e-05
11.4	-1.07062e-05
11.38	-1.09182e-05
11.36	-1.11344e-05
11.34	-1.13548e-05
11.32	-1.15796e-05
11.3	-1.18087e-05
11.28	-1.20424e-05
11.26	-1.22806e-05
11.24	-1.25235e-05
11.22	-1.27711e-05
11.2	-1.30236e-05
11.18	-1.3281e-05
11.16	-1.35435e-05
11.14	-1.38111e-05
11.12	-1.40839e-05
11.1	-1.4362e-05
11.08	-1.46456e-05
11.06	-1.49347e-05
11.04	-1.52294e-05
11.02	-1.55299e-05
11	-1.58363e-05
10.98	-1.61486e-05
10.96	-1.6467e-05
10.94	-1.67917e-05
10.92	-1.71226e-05
10.9	-1.746e-05
10.88	-1.78039e-05
10.86	-1.81546e-05
10.84	-1.8512e-05
10.82	-1.88765e-05
10.8	-1.92479e-05
10.78	-1.96267e-05
10.76	-2.00127e-05
10.74	-2.04063e-05
10.72	-2.08075e-05
10.7	-2.12165e-05
10.68	-2.16334e-05
10.66	-2.20584e-05
10.64	-2.24916e-05
10.62	-2.29332e-05
10.6	-2.33834e-05
10.58	-2.38422e-05
10.56	-2.431e-05
10.54	-2.47868e-05
10.52	-2.52728e-05
10.5	-2.57682e-05
10.48	-2.62732e-05
10.46	-2.67879e-05
10.44	-2.73125e-05
10.42	-2.78473e-05
10.4	-2.83924e-05
10.38	-2.8948e-05
10.36	-2.95142e-05
10.34	-3.00914e-05
10.32	-3.06797e-05
10.3	-3.12793e-05
10.28	-3.18905e-05
10.26	-3.25134e-05
10.24	-3.31482e-05
10.22	-3.37953e-05
10.2	-3.44547e-05
10.18	-3.51268e-05
10.16	-3.58118e-05
10.14	-3.651e-05
10.12	-3.72215e-05
10.1	-3.79466e-05
10.08	-3.86856e-05
10.06	-3.94387e-05
10.04	-4.02063e-05
10.02	-4.09884e-05
10	-4.17856e-05
9.98	-4.25979e-05
9.96	-4.34258e-05
9.94	-4.42694e-05
9.92	-4.51291e-05
9.9	-4.60052e-05
9.88	-4.6898e-05
9.86	-4.78077e-05
9.84	-4.87348e-05
9.82	-4.96794e-05
9.8	-5.06421e-05
9.78	-5.16229e-05
9.76	-5.26224e-05
9.74	-5.36409e-05
9.72	-5.46786e-05
9.7	-5.57361e-05
9.68	-5.68135e-05
9.66	-5.79113e-05
9.64	-5.90299e-05
9.62	-6.01696e-05
9.6	-6.13308e-05
9.58	-6.25139e-05
9.56	-6.37194e-05
9.54	-6.49476e-05
9.52	-6.61989e-05
9.5	-6.74738e-05
9.48	-6.87727e-05
9.46	-7.00959e-05
9.44	-7.14441e-05
9.42	-7.28176e-05
9.4	-7.42168e-05
9.38	-7.56423e-05
9.36	-7.70945e-05
9.34	-7.85739e-05
9.32	-8.0081e-05
9.3	-8.16163e-05
9.28	-8.31802e-05
9.26	-8.47734e-05
9.24	-8.63963e-05
9.22	-8.80495e-05
9.2	-8.97335e-05
9.18	-9.14489e-05
9.16	-9.31961e-05
9.14	-9.49759e-05
9.12	-9.67888e-05
9.1	-9.86353e-05
9.08	-0.000100516
9.06	-0.000102432
9.04	-0.000104383
9.02	-0.00010637
9	-0.000108394
8.98	-0.000110456
8.96	-0.000112555
8.94	-0.000114694
8.92	-0.000116871
8.9	-0.000119089
8.88	-0.000121348
8.86	-0.000123648
8.84	-0.000125991
8.82	-0.000128376
8.8	-0.000130806
8.78	-0.00013328
8.76	-0.000135799
8.74	-0.000138364
8.72	-0.000140977
8.7	-0.000143637
8.68	-0.000146345
8.66	-0.000149103
8.64	-0.000151912
8.62	-0.000154771
8.6	-0.000157683
8.58	-0.000160647
8.56	-0.000163666
8.54	-0.000166739
8.52	-0.000169868
8.5	-0.000173053
8.48	-0.000176296
8.46	-0.000179598
8.44	-0.00018296
8.42	-0.000186382
8.4	-0.000189865
8.38	-0.000193412
8.36	-0.000197022
8.34	-0.000200698
8.32	-0.000204439
8.3	-0.000208248
8.28	-0.000212124
8.26	-0.000216071
8.24	-0.000220087
8.22	-0.000224176
8.2	-0.000228338
8.18	-0.000232573
8.16	-0.000236885
8.14	-0.000241273
8.12	-0.000245739
8.1	-0.000250284
8.08	-0.00025491
8.06	-0.000259618
8.04	-0.00026441
8.02	-0.000269286
8	-0.000274248
7.98	-0.000279298
7.96	-0.000284437
7.94	-0.000289666
7.92	-0.000294987
7.9	-0.000300402
7.88	-0.000305912
7.86	-0.000311519
7.84	-0.000317223
7.82	-0.000323028
7.8	-0.000328934
7.78	-0.000334943
7.76	-0.000341056
7.74	-0.000347277
7.72	-0.000353605
7.7	-0.000360043
7.68	-0.000366593
7.66	-0.000373256
7.64	-0.000380035
7.62	-0.000386931
7.6	-0.000393946
7.58	-0.000401082
7.56	-0.00040834
7.54	-0.000415724
7.52	-0.000423235
7.5	-0.000430874
7.48	-0.000438644
7.46	-0.000446547
7.44	-0.000454586
7.42	-0.000462761
7.4	-0.000471076
7.38	-0.000479533
7.36	-0.000488133
7.34	-0.000496879
7.32	-0.000505774
7.3	-0.000514819
7.28	-0.000524017
7.26	-0.000533371
7.24	-0.000542882
7.22	-0.000552554
7.2	-0.000562388
7.18	-0.000572387
7.16	-0.000582555
7.14	-0.000592892
7.12	-0.000603403
7.1	-0.000614089
7.08	-0.000624953
7.06	-0.000635998
7.04	-0.000647227
7.02	-0.000658643
7	-0.000670248
6.98	-0.000682045
6.96	-0.000694037
6.94	-0.000706228
6.92	-0.000718619
6.9	-0.000731214
6.88	-0.000744017
6.86	-0.00075703
6.84	-0.000770256
6.82	-0.000783698
6.8	-0.00079736
6.78	-0.000811245
6.76	-0.000825357
6.74	-0.000839698
6.72	-0.000854272
6.7	-0.000869082
6.68	-0.000884132
6.66	-0.000899426
6.64	-0.000914966
6.62	-0.000930757
6.6	-0.000946802
6.58	-0.000963105
6.56	-0.00097967
6.54	-0.000996499
6.52	-0.0010136
6.5	-0.00103097
6.48	-0.00104862
6.46	-0.00106655
6.44	-0.00108476
6.42	-0.00110327
6.4	-0.00112206
6.38	-0.00114116
6.36	-0.00116055
6.34	-0.00118025
6.32	-0.00120026
6.3	-0.00122059
6.28	-0.00124123
6.26	-0.0012622
6.24	-0.00128349
6.22	-0.00130512
6.2	-0.00132708
6.18	-0.00134939
6.16	-0.00137204
6.14	-0.00139504
6.12	-0.0014184
6.1	-0.00144211
6.08	-0.0014662
6.06	-0.00149065
6.04	-0.00151548
6.02	-0.00154069
6	-0.00156629
5.98	-0.00159227
5.96	-0.00161866
5.94	-0.00164544
5.92	-0.00167264
5.9	-0.00170024
5.88	-0.00172826
5.86	-0.00175671
5.84	-0.00178558
5.82	-0.00181489
5.8	-0.00184465
5.78	-0.00187484
5.76	-0.00190549
5.74	-0.0019366
5.72	-0.00196817
5.7	-0.00200021
5.68	-0.00203273
5.66	-0.00206573
5.64	-0.00209922
5.62	-0.00213321
5.6	-0.0021677
5.58	-0.00220269
5.56	-0.0022382
5.54	-0.00227423
5.52	-0.00231079
5.5	-0.00234788
5.48	-0.00238551
5.46	-0.00242369
5.44	-0.00246243
5.42	-0.00250173
5.4	-0.0025416
5.38	-0.00258204
5.36	-0.00262307
5.34	-0.00266469
5.32	-0.0027069
5.3	-0.00274972
5.28	-0.00279316
5.26	-0.00283721
5.24	-0.00288189
5.22	-0.00292721
5.2	-0.00297317
5.18	-0.00301979
5.16	-0.00306706
5.14	-0.003115
5.12	-0.00316362
5.1	-0.00321292
5.08	-0.00326291
5.06	-0.0033136
5.04	-0.003365
5.02	-0.00341712
5	-0.00346996
4.98	-0.00352354
4.96	-0.00357786
4.94	-0.00363293
4.92	-0.00368877
4.9	-0.00374537
4.88	-0.00380275
4.86	-0.00386092
4.84	-0.00391989
4.82	-0.00397966
4.8	-0.00404025
4.78	-0.00410167
4.76	-0.00416392
4.74	-0.00422701
4.72	-0.00429096
4.7	-0.00435577
4.68	-0.00442146
4.66	-0.00448803
4.64	-0.00455549
4.62	-0.00462386
4.6	-0.00469314
4.58	-0.00476335
4.56	-0.00483449
4.54	-0.00490658
4.52	-0.00497963
4.5	-0.00505364
4.48	-0.00512863
4.46	-0.0052046
4.44	-0.00528158
4.42	-0.00535957
4.4	-0.00543858
4.38	-0.00551862
4.36	-0.00559971
4.34	-0.00568185
4.32	-0.00576506
4.3	-0.00584936
4.28	-0.00593474
4.26	-0.00602122
4.24	-0.00610882
4.22	-0.00619754
4.2	-0.00628741
4.18	-0.00637842
4.16	-0.0064706
4.14	-0.00656396
4.12	-0.0066585
4.1	-0.00675424
4.08	-0.0068512
4.06	-0.00694939
4.04	-0.00704881
4.02	-0.00714949
4	-0.00725143
3.98	-0.00735465
3.96	-0.00745916
3.94	-0.00756498
3.92	-0.00767212
3.9	-0.00778059
3.88	-0.00789041
3.86	-0.00800159
3.84	-0.00811415
3.82	-0.00822809
3.8	-0.00834344
3.78	-0.0084602
3.76	-0.0085784
3.74	-0.00869804
3.72	-0.00881914
3.7	-0.00894172
3.68	-0.00906579
3.66	-0.00919137
3.64	-0.00931847
3.62	-0.0094471
3.6	-0.00957728
3.58	-0.00970904
3.56	-0.00984237
3.54	-0.0099773
3.52	-0.0101138
3.5	-0.010252
3.48	-0.0103918
3.46	-0.0105333
3.44	-0.0106765
3.42	-0.0108213
3.4	-0.0109679
3.38	-0.0111162
3.36	-0.0112662
3.34	-0.011418
3.32	-0.0115716
3.3	-0.011727
3.28	-0.0118842
3.26	-0.0120432
3.24	-0.0122041
3.22	-0.0123668
3.2	-0.0125314
3.18	-0.0126979
3.16	-0.0128664
3.14	-0.0130367
3.12	-0.0132091
3.1	-0.0133834
3.08	-0.0135596
3.06	-0.0137379
3.04	-0.0139183
3.02	-0.0141006
3	-0.0142851
2.98	-0.0144716
2.96	-0.0146602
2.94	-0.014851
2.92	-0.0150439
2.9	-0.015239
2.88	-0.0154362
2.86	-0.0156357
2.84	-0.0158373
2.82	-0.0160412
2.8	-0.0162474
2.78	-0.0164559
2.76	-0.0166666
2.74	-0.0168797
2.72	-0.0170952
2.7	-0.017313
2.68	-0.0175331
2.66	-0.0177557
2.64	-0.0179808
2.62	-0.0182082
2.6	-0.0184382
2.58	-0.0186706
2.56	-0.0189056
2.54	-0.0191431
2.52	-0.0193831
2.5	-0.0196258
2.48	-0.019871
2.46	-0.0201189
2.44	-0.0203694
2.42	-0.0206226
2.4	-0.0208784
2.38	-0.021137
2.36	-0.0213984
2.34	-0.0216625
2.32	-0.0219294
2.3	-0.0221991
2.28	-0.0224716
2.26	-0.022747
2.24	-0.0230253
2.22	-0.0233064
2.2	-0.0235905
2.18	-0.0238776
2.16	-0.0241676
2.14	-0.0244607
2.12	-0.0247567
2.1	-0.0250558
2.08	-0.025358
2.06	-0.0256633
2.04	-0.0259717
2.02	-0.0262833
2	-0.026598
1.98	-0.026916
1.96	-0.0272372
1.94	-0.0275616
1.92	-0.0278893
1.9	-0.0282203
1.88	-0.0285546
1.86	-0.0288923
1.84	-0.0292334
1.82	-0.0295779
1.8	-0.0299258
1.78	-0.0302772
1.76	-0.030632
1.74	-0.0309904
1.72	-0.0313523
1.7	-0.0317178
1.68	-0.0320869
1.66	-0.0324596
1.64	-0.0328359
1.62	-0.033216
1.6	-0.0335997
1.58	-0.0339872
1.56	-0.0343784
1.54	-0.0347734
1.52	-0.0351722
1.5	-0.0355749
1.48	-0.0359814
1.46	-0.0363918
1.44	-0.0368062
1.42	-0.0372245
1.4	-0.0376468
1.38	-0.0380731
1.36	-0.0385034
1.34	-0.0389378
1.32	-0.0393763
1.3	-0.0398189
1.28	-0.0402657
1.26	-0.0407167
1.24	-0.0411718
1.22	-0.0416312
1.2	-0.0420949
1.18	-0.0425628
1.16	-0.0430351
1.14	-0.0435117
1.12	-0.0439927
1.1	-0.0444781
1.08	-0.044968
1.06	-0.0454623
1.04	-0.0459611
1.02	-0.0464644
1	-0.0469723
0.98	-0.0474848
0.96	-0.0480019
0.94	-0.0485236
0.92	-0.04905
0.9	-0.049581
0.88	-0.0501169
0.86	-0.0506574
0.84	-0.0512027
0.82	-0.0517529
0.8	-0.0523079
0.78	-0.0528677
0.76	-0.0534325
0.74	-0.0540022
0.72	-0.0545768
0.7	-0.0551564
0.68	-0.055741
0.66	-0.0563307
0.64	-0.0569254
0.62	-0.0575252
0.6	-0.0581301
0.58	-0.0587402
0.56	-0.0593555
0.54	-0.0599759
0.52	-0.0606016
0.5	-0.0612325
0.48	-0.0618688
0.46	-0.0625103
0.44	-0.0631572
0.42	-0.0638094
0.4	-0.064467
0.38	-0.0651301
0.36	-0.0657985
0.34	-0.0664725
0.32	-0.0671519
0.3	-0.0678369
0.28	-0.0685274
0.26	-0.0692235
0.24	-0.0699251
0.22	-0.0706324
0.2	-0.0713453
0.18	-0.0720639
0.16	-0.0727881
0.14	-0.0735181
0.12	-0.0742538
0.1	-0.0749953
0.08	-0.0757425
0.06	-0.0764955
0.04	-0.0772544
0.02	-0.0780191
3.37778e-13	-0.0787896
-0.02	-0.0795661
-0.04	-0.0803484
-0.06	-0.0811367
-0.08	-0.0819309
-0.1	-0.0827311
-0.12	-0.0835372
-0.14	-0.0843493
-0.16	-0.0851675
-0.18	-0.0859917
-0.2	-0.0868219
-0.22	-0.0876582
-0.24	-0.0885006
-0.26	-0.089349
-0.28	-0.0902036
-0.3	-0.0910643
-0.32	-0.0919311
-0.34	-0.0928041
-0.36	-0.0936832
-0.38	-0.0945685
-0.4	-0.09546
-0.42	-0.0963577
-0.44	-0.0972615
-0.46	-0.0981716
-0.48	-0.0990879
-0.5	-0.10001
-0.52	-0.100939
-0.54	-0.101874
-0.56	-0.102815
-0.58	-0.103763
-0.6	-0.104717
-0.62	-0.105677
-0.64	-0.106643
-0.66	-0.107616
-0.68	-0.108594
-0.7	-0.109579
-0.72	-0.110571
-0.74	-0.111568
-0.76	-0.112572
-0.78	-0.113582
-0.8	-0.114598
-0.82	-0.115621
-0.84	-0.11665
-0.86	-0.117685
-0.88	-0.118726
-0.9	-0.119774
-0.92	-0.120827
-0.94	-0.121887
-0.96	-0.122953
-0.98	-0.124025
-1	-0.125104
-1.02	-0.126188
-1.04	-0.127279
-1.06	-0.128375
-1.08	-0.129478
-1.1	-0.130587
-1.12	-0.131702
-1.14	-0.132823
-1.16	-0.13395
-1.18	-0.135083
-1.2	-0.136221
-1.22	-0.137366
-1.24	-0.138517
-1.26	-0.139673
-1.28	-0.140835
-1.3	-0.142003
-1.32	-0.143177
-1.34	-0.144357
-1.36	-0.145542
-1.38	-0.146733
-1.4	-0.147929
-1.42	-0.149132
-1.44	-0.150339
-1.46	-0.151552
-1.48	-0.152771
-1.5	-0.153995
-1.52	-0.155224
-1.54	-0.156458
-1.56	-0.157698
-1.58	-0.158943
-1.6	-0.160193
-1.62	-0.161448
-1.64	-0.162709
-1.66	-0.163974
-1.68	-0.165244
-1.7	-0.166519
-1.72	-0.167799
-1.74	-0.169083
-1.76	-0.170372
-1.78	-0.171666
-1.8	-0.172964
-1.82	-0.174266
-1.84	-0.175573
-1.86	-0.176885
-1.88	-0.1782
-1.9	-0.17952
-1.92	-0.180843
-1.94	-0.182171
-1.96	-0.183502
-1.98	-0.184838
-2	-0.186177
-2.02	-0.187519
-2.04	-0.188866
-2.06	-0.190215
-2.08	-0.191568
-2.1	-0.192924
-2.12	-0.194284
-2.14	-0.195646
-2.16	-0.197011
-2.18	-0.19838
-2.2	-0.199751
-2.22	-0.201124
-2.24	-0.2025
-2.26	-0.203879
-2.28	-0.20526
-2.3	-0.206643
-2.32	-0.208028
-2.34	-0.209415
-2.36	-0.210804
-2.38	-0.212195
-2.4	-0.213587
-2.42	-0.214981
-2.44	-0.216376
-2.46	-0.217772
-2.48	-0.21917
-2.5	-0.220568
-2.52	-0.221967
-2.54	-0.223367
-2.56	-0.224768
-2.58	-0.226169
-2.6	-0.22757
-2.62	-0.228972
-2.64	-0.230373
-2.66	-0.231775
-2.68	-0.233176
-2.7	-0.234576
-2.72	-0.235976
-2.74	-0.237376
-2.76	-0.238774
-2.78	-0.240172
-2.8	-0.241568
-2.82	-0.242963
-2.84	-0.244357
-2.86	-0.245749
-2.88	-0.247139
-2.9	-0.248527
-2.92	-0.249914
-2.94	-0.251297
-2.96	-0.252679
-2.98	-0.254058
-3	-0.255434
-3.02	-0.256807
-3.04	-0.258177
-3.06	-0.259544
-3.08	-0.260908
-3.1	-0.262268
-3.12	-0.263624
-3.14	-0.264976
-3.16	-0.266324
-3.18	-0.267668
-3.2	-0.269008
-3.22	-0.270342
-3.24	-0.271673
-3.26	-0.272998
-3.28	-0.274318
-3.3	-0.275633
-3.32	-0.276942
-3.34	-0.278246
-3.36	-0.279544
-3.38	-0.280835
-3.4	-0.282121
-3.42	-0.283401
-3.44	-0.284674
-3.46	-0.28594
-3.48	-0.287199
-3.5	-0.288452
-3.52	-0.289697
-3.54	-0.290935
-3.56	-0.292165
-3.58	-0.293388
-3.6	-0.294603
-3.62	-0.295809
-3.64	-0.297008
-3.66	-0.298198
-3.68	-0.29938
-3.7	-0.300553
-3.72	-0.301717
-3.74	-0.302872
-3.76	-0.304018
-3.78	-0.305154
-3.8	-0.306281
-3.82	-0.307399
-3.84	-0.308506
-3.86	-0.309604
-3.88	-0.310691
-3.9	-0.311768
-3.92	-0.312835
-3.94	-0.313891
-3.96	-0.314936
-3.98	-0.315971
-4	-0.316994
-4.02	-0.318007
-4.04	-0.319008
-4.06	-0.319997
-4.08	-0.320975
-4.1	-0.321941
-4.12	-0.322896
-4.14	-0.323838
-4.16	-0.324769
-4.18	-0.325687
-4.2	-0.326593
-4.22	-0.327486
-4.24	-0.328367
-4.26	-0.329235
-4.28	-0.330091
-4.3	-0.330933
-4.32	-0.331763
-4.34	-0.332579
-4.36	-0.333383
-4.38	-0.334173
-4.4	-0.334949
-4.42	-0.335712
-4.44	-0.336462
-4.46	-0.337198
-4.48	-0.33792
-4.5	-0.338629
-4.52	-0.339323
-4.54	-0.340004
-4.56	-0.340671
-4.58	-0.341324
-4.6	-0.341962
-4.62	-0.342587
-4.64	-0.343197
-4.66	-0.343793
-4.68	-0.344375
-4.7	-0.344942
-4.72	-0.345495
-4.74	-0.346034
-4.76	-0.346558
-4.78	-0.347067
-4.8	-0.347562
-4.82	-0.348043
-4.84	-0.348509
-4.86	-0.348961
-4.88	-0.349398
-4.9	-0.349821
-4.92	-0.350229
-4.94	-0.350622
-4.96	-0.351001
-4.98	-0.351365
-5	-0.351715
-5.02	-0.352051
-5.04	-0.352371
-5.06	-0.352678
-5.08	-0.35297
-5.1	-0.353248
-5.12	-0.353511
-5.14	-0.35376
-5.16	-0.353995
-5.18	-0.354215
-5.2	-0.354422
-5.22	-0.354614
-5.24	-0.354792
-5.26	-0.354956
-5.28	-0.355106
-5.3	-0.355243
-5.32	-0.355365
-5.34	-0.355474
-5.36	-0.355569
-5.38	-0.355651
-5.4	-0.355719
-5.42	-0.355774
-5.44	-0.355815
-5.46	-0.355843
-5.48	-0.355858
-5.5	-0.35586
-5.52	-0.355849
-5.54	-0.355825
-5.56	-0.355788
-5.58	-0.355739
-5.6	-0.355677
-5.62	-0.355603
-5.64	-0.355516
-5.66	-0.355418
-5.68	-0.355307
-5.7	-0.355184
-5.72	-0.355049
-5.74	-0.354903
-5.76	-0.354745
-5.78	-0.354575
-5.8	-0.354395
-5.82	-0.354203
-5.84	-0.354
-5.86	-0.353785
-5.88	-0.353561
-5.9	-0.353325
-5.92	-0.353079
-5.94	-0.352822
-5.96	-0.352556
-5.98	-0.352279
-6	-0.351992
-6.02	-0.351695
-6.04	-0.351389
-6.06	-0.351073
-6.08	-0.350747
-6.1	-0.350413
-6.12	-0.350069
-6.14	-0.349716
-6.16	-0.349354
-6.18	-0.348984
-6.2	-0.348605
-6.22	-0.348218
-6.24	-0.347822
-6.26	-0.347419
-6.28	-0.347007
-6.3	-0.346588
-6.32	-0.346161
-6.34	-0.345727
-6.36	-0.345285
-6.38	-0.344836
-6.4	-0.34438
-6.42	-0.343917
-6.44	-0.343447
-6.46	-0.34297
-6.48	-0.342487
-6.5	-0.341998
-6.52	-0.341503
-6.54	-0.341001
-6.56	-0.340494
-6.58	-0.339981
-6.6	-0.339462
-6.62	-0.338938
-6.64	-0.338408
-6.66	-0.337873
-6.68	-0.337333
-6.7	-0.336789
-6.72	-0.336239
-6.74	-0.335685
-6.76	-0.335126
-6.78	-0.334563
-6.8	-0.333995
-6.82	-0.333424
-6.84	-0.332848
-6.86	-0.332269
-6.88	-0.331686
-6.9	-0.331099
-6.92	-0.330508
-6.94	-0.329915
-6.96	-0.329318
-6.98	-0.328718
-7	-0.328114
-7.02	-0.327508
-7.04	-0.326899
-7.06	-0.326288
-7.08	-0.325674
-7.1	-0.325057
-7.12	-0.324438
-7.14	-0.323817
-7.16	-0.323194
-7.18	-0.322568
-7.2	-0.321941
-7.22	-0.321312
-7.24	-0.320681
-7.26	-0.320049
-7.28	-0.319415
-7.3	-0.318779
-7.32	-0.318142
-7.34	-0.317504
-7.36	-0.316865
-7.38	-0.316225
-7.4	-0.315584
-7.42	-0.314941
-7.44	-0.314298
-7.46	-0.313655
-7.48	-0.31301
-7.5	-0.312365
-7.52	-0.31172
-7.54	-0.311074
-7.56	-0.310428
-7.58	-0.309782
-7.6	-0.309135
-7.62	-0.308488
-7.64	-0.307841
-7.66	-0.307195
-7.68	-0.306548
-7.7	-0.305901
-7.72	-0.305255
-7.74	-0.304609
-7.76	-0.303963
-7.78	-0.303318
-7.8	-0.302673
-7.82	-0.302029
-7.84	-0.301385
-7.86	-0.300742
-7.88	-0.300099
-7.9	-0.299457
-7.92	-0.298816
-7.94	-0.298176
-7.96	-0.297537
-7.98	-0.296899
-8	-0.296261
-8.02	-0.295625
-8.04	-0.294989
-8.06	-0.294355
-8.08	-0.293722
-8.1	-0.29309
-8.12	-0.292459
-8.14	-0.29183
-8.16	-0.291202
-8.18	-0.290575
-8.2	-0.289949
-8.22	-0.289325
-8.24	-0.288703
-8.26	-0.288081
-8.28	-0.287462
-8.3	-0.286844
-8.32	-0.286227
-8.34	-0.285612
-8.36	-0.284998
-8.38	-0.284387
-8.4	-0.283776
-8.42	-0.283168
-8.44	-0.282561
-8.46	-0.281956
-8.48	-0.281353
-8.5	-0.280751
-8.52	-0.280151
-8.54	-0.279553
-8.56	-0.278957
-8.58	-0.278363
-8.6	-0.27777
-8.62	-0.27718
-8.64	-0.276591
-8.66	-0.276004
-8.68	-0.27542
-8.7	-0.274837
-8.72	-0.274256
-8.74	-0.273677
-8.76	-0.2731
-8.78	-0.272525
-8.8	-0.271952
-8.82	-0.271381
-8.84	-0.270812
-8.86	-0.270245
-8.88	-0.26968
-8.9	-0.269117
-8.92	-0.268556
-8.94	-0.267997
-8.96	-0.26744
-8.98	-0.266886
-9	-0.266333
-9.02	-0.265782
-9.04	-0.265234
-9.06	-0.264688
-9.08	-0.264143
-9.1	-0.263601
-9.12	-0.263061
-9.14	-0.262523
-9.16	-0.261987
-9.18	-0.261454
-9.2	-0.260922
-9.22	-0.260392
-9.24	-0.259865
-9.26	-0.25934
-9.28	-0.258817
-9.3	-0.258295
-9.32	-0.257776
-9.34	-0.25726
-9.36	-0.256745
-9.38	-0.256232
-9.4	-0.255722
-9.42	-0.255213
-9.44	-0.254707
-9.46	-0.254203
-9.48	-0.2537
-9.5	-0.2532
-9.52	-0.252702
-9.54	-0.252207
-9.56	-0.251713
-9.58	-0.251221
-9.6	-0.250732
-9.62	-0.250244
-9.64	-0.249758
-9.66	-0.249275
-9.68	-0.248794
-9.7	-0.248314
-9.72	-0.247837
-9.74	-0.247362
-9.76	-0.246889
-9.78	-0.246418
-9.8	-0.245949
-9.82	-0.245482
-9.84	-0.245016
-9.86	-0.244553
-9.88	-0.244092
-9.9	-0.243633
-9.92	-0.243176
-9.94	-0.242721
-9.96	-0.242268
-9.98	-0.241817
-10	-0.241368
-10.02	-0.240921
-10.04	-0.240476
-10.06	-0.240032
-10.08	-0.239591
-10.1	-0.239152
-10.12	-0.238714
-10.14	-0.238279
-10.16	-0.237845
-10.18	-0.237413
-10.2	-0.236984
-10.22	-0.236556
-10.24	-0.23613
-10.26	-0.235705
-10.28	-0.235283
-10.3	-0.234863
-10.32	-0.234444
-10.34	-0.234027
-10.36	-0.233612
-10.38	-0.233199
-10.4	-0.232788
-10.42	-0.232378
-10.44	-0.231971
-10.46	-0.231565
-10.48	-0.231161
-10.5	-0.230759
-10.52	-0.230358
-10.54	-0.229959
-10.56	-0.229562
-10.58	-0.229167
-10.6	-0.228773
-10.62	-0.228382
-10.64	-0.227992
-10.66	-0.227603
-10.68	-0.227217
-10.7	-0.226832
-10.72	-0.226448
-10.74	-0.226067
-10.76	-0.225687
-10.78	-0.225309
-10.8	-0.224932
-10.82	-0.224557
-10.84	-0.224184
-10.86	-0.223812
-10.88	-0.223442
-10.9	-0.223074
-10.92	-0.222707
-10.94	-0.222342
-10.96	-0.221978
-10.98	-0.221616
-11	-0.221255
-11.02	-0.220896
-11.04	-0.220539
-11.06	-0.220183
-11.08	-0.219829
-11.1	-0.219476
-11.12	-0.219125
-11.14	-0.218775
-11.16	-0.218427
-11.18	-0.218081
-11.2	-0.217735
-11.22	-0.217392
-11.24	-0.21705
-11.26	-0.216709
-11.28	-0.21637
-11.3	-0.216032
-11.32	-0.215695
-11.34	-0.21536
-11.36	-0.215027
-11.38	-0.214695
-11.4	-0.214364
-11.42	-0.214035
-11.44	-0.213707
-11.46	-0.213381
-11.48	-0.213055
-11.5	-0.212732
-11.52	-0.212409
-11.54	-0.212088
-11.56	-0.211769
-11.58	-0.211451
-11.6	-0.211134
-11.62	-0.210818
-11.64	-0.210504
-11.66	-0.210191
-11.68	-0.209879
-11.7	-0.209569
-11.72	-0.20926
-11.74	-0.208952
-11.76	-0.208646
-11.78	-0.208341
-11.8	-0.208037
-11.82	-0.207734
-11.84	-0.207433
-11.86	-0.207132
-11.88	-0.206833
-11.9	-0.206536
-11.92	-0.206239
-11.94	-0.205944
-11.96	-0.20565
-11.98	-0.205357
-12	-0.205066
-12.02	-0.204775
-12.04	-0.204486
-12.06	-0.204198
-12.08	-0.203911
-12.1	-0.203625
-12.12	-0.203341
-12.14	-0.203057
-12.16	-0.202775
-12.18	-0.202494
-12.2	-0.202214
-12.22	-0.201935
-12.24	-0.201657
-12.26	-0.201381
-12.28	-0.201105
-12.3	-0.200831
-12.32	-0.200557
-12.34	-0.200285
-12.36	-0.200014
-12.38	-0.199744
-12.4	-0.199475
-12.42	-0.199207
-12.44	-0.19894
-12.46	-0.198674
-12.48	-0.198409
-12.5	-0.198146
-12.52	-0.197883
-12.54	-0.197621
-12.56	-0.197361
-12.58	-0.197101
-12.6	-0.196842
-12.62	-0.196585
-12.64	-0.196328
-12.66	-0.196072
-12.68	-0.195818
-12.7	-0.195564
-12.72	-0.195312
-12.74	-0.19506
-12.76	-0.194809
-12.78	-0.194559
-12.8	-0.194311
-12.82	-0.194063
-12.84	-0.193816
-12.86	-0.19357
-12.88	-0.193325
-12.9	-0.193081
-12.92	-0.192837
-12.94	-0.192595
-12.96	-0.192354
-12.98	-0.192113
-13	-0.191874
-13.02	-0.191635
-13.04	-0.191398
-13.06	-0.191161
-13.08	-0.190925
-13.1	-0.19069
-13.12	-0.190455
-13.14	-0.190222
-13.16	-0.18999
-13.18	-0.189758
-13.2	-0.189527
-13.22	-0.189297
-13.24	-0.189068
-13.26	-0.18884
-13.28	-0.188613
-13.3	-0.188386
-13.32	-0.188161
-13.34	-0.187936
-13.36	-0.187712
-13.38	-0.187488
-13.4	-0.187266
-13.42	-0.187044
-13.44	-0.186823
-13.46	-0.186603
-13.48	-0.186384
-13.5	-0.186166
-13.52	-0.185948
-13.54	-0.185731
-13.56	-0.185515
-13.58	-0.1853
-13.6	-0.185085
-13.62	-0.184871
-13.64	-0.184658
-13.66	-0.184446
-13.68	-0.184234
-13.7	-0.184023
-13.72	-0.183813
-13.74	-0.183604
-13.76	-0.183395
-13.78	-0.183187
-13.8	-0.18298
-13.82	-0.182774
-13.84	-0.182568
-13.86	-0.182363
-13.88	-0.182159
-13.9	-0.181955
-13.92	-0.181752
-13.94	-0.18155
-13.96	-0.181349
-13.98	-0.181148
-14	-0.180948
-14.02	-0.180748
-14.04	-0.18055
-14.06	-0.180352
-14.08	-0.180154
-14.1	-0.179958
-14.12	-0.179762
-14.14	-0.179566
-14.16	-0.179371
-14.18	-0.179177
-14.2	-0.178984
-14.22	-0.178791
-14.24	-0.178599
-14.26	-0.178408
-14.28	-0.178217
-14.3	-0.178026
-14.32	-0.177837
-14.34	-0.177648
-14.36	-0.17746
-14.38	-0.177272
-14.4	-0.177085
-14.42	-0.176898
-14.44	-0.176713
-14.46	-0.176527
-14.48	-0.176343
-14.5	-0.176159
-14.52	-0.175975
-14.54	-0.175792
-14.56	-0.17561
-14.58	-0.175428
-14.6	-0.175247
-14.62	-0.175067
-14.64	-0.174887
-14.66	-0.174708
-14.68	-0.174529
-14.7	-0.174351
-14.72	-0.174173
-14.74	-0.173996
-14.76	-0.17382
-14.78	-0.173644
-14.8	-0.173468
-14.82	-0.173294
-14.84	-0.173119
-14.86	-0.172946
-14.88	-0.172772
-14.9	-0.1726
-14.92	-0.172428
-14.94	-0.172256
-14.96	-0.172085
-14.98	-0.171915
-15	-0.171745
-15.02	-0.171576
-15.04	-0.171407
-15.06	-0.171238
-15.08	-0.17107
-15.1	-0.170903
-15.12	-0.170736
-15.14	-0.17057
-15.16	-0.170404
-15.18	-0.170239
-15.2	-0.170074
-15.22	-0.16991
-15.24	-0.169746
-15.26	-0.169583
-15.28	-0.16942
-15.3	-0.169258
-15.32	-0.169096
-15.34	-0.168935
-15.36	-0.168774
-15.38	-0.168614
-15.4	-0.168454
-15.42	-0.168294
-15.44	-0.168136
-15.46	-0.167977
-15.48	-0.167819
-15.5	-0.167662
-15.52	-0.167505
-15.54	-0.167348
-15.56	-0.167192
-15.58	-0.167036
-15.6	-0.166881
-15.62	-0.166726
-15.64	-0.166572
-15.66	-0.166418
-15.68	-0.166265
-15.7	-0.166112
-15.72	-0.16596
-15.74	-0.165808
-15.76	-0.165656
-15.78	-0.165505
-15.8	-0.165354
-15.82	-0.165204
-15.84	-0.165054
-15.86	-0.164904
-15.88	-0.164755
-15.9	-0.164607
-15.92	-0.164459
-15.94	-0.164311
-15.96	-0.164164
-15.98	-0.164017
-16	-0.16387
-16.02	-0.163724
-16.04	-0.163579
-16.06	-0.163433
-16.08	-0.163289
-16.1	-0.163144
-16.12	-0.163
-16.14	-0.162856
-16.16	-0.162713
-16.18	-0.16257
-16.2	-0.162428
-16.22	-0.162286
-16.24	-0.162144
-16.26	-0.162003
-16.28	-0.161862
-16.3	-0.161722
-16.32	-0.161582
-16.34	-0.161442
-16.36	-0.161303
-16.38	-0.161164
-16.4	-0.161025
-16.42	-0.160887
-16.44	-0.160749
-16.46	-0.160612
-16.48	-0.160475
-16.5	-0.160338
-16.52	-0.160202
-16.54	-0.160066
-16.56	-0.15993
-16.58	-0.159795
-16.6	-0.15966
-16.62	-0.159526
-16.64	-0.159392
-16.66	-0.159258
-16.68	-0.159124
-16.7	-0.158991
-16.72	-0.158859
-16.74	-0.158726
-16.76	-0.158594
-16.78	-0.158462
-16.8	-0.158331
-16.82	-0.1582
-16.84	-0.15807
-16.86	-0.157939
-16.88	-0.157809
-16.9	-0.15768
-16.92	-0.15755
-16.94	-0.157421
-16.96	-0.157293
-16.98	-0.157165
-17	-0.157037
-17.02	-0.156909
-17.04	-0.156782
-17.06	-0.156655
-17.08	-0.156528
-17.1	-0.156402
-17.12	-0.156276
-17.14	-0.15615
-17.16	-0.156025
-17.18	-0.1559
-17.2	-0.155775
-17.22	-0.155651
-17.24	-0.155527
-17.26	-0.155403
-17.28	-0.155279
-17.3	-0.155156
-17.32	-0.155033
-17.34	-0.154911
-17.36	-0.154789
-17.38	-0.154667
-17.4	-0.154545
-17.42	-0.154424
-17.44	-0.154303
-17.46	-0.154182
-17.48	-0.154062
-17.5	-0.153942
-17.52	-0.153822
-17.54	-0.153702
-17.56	-0.153583
-17.58	-0.153464
-17.6	-0.153346
-17.62	-0.153227
-17.64	-0.153109
-17.66	-0.152991
-17.68	-0.152874
-17.7	-0.152757
-17.72	-0.15264
-17.74	-0.152523
-17.76	-0.152407
-17.78	-0.152291
-17.8	-0.152175
-17.82	-0.15206
-17.84	-0.151944
-17.86	-0.151829
-17.88	-0.151715
-17.9	-0.1516
-17.92	-0.151486
-17.94	-0.151372
-17.96	-0.151259
-17.98	-0.151145
-18	-0.151032
-18.02	-0.15092
-18.04	-0.150807
-18.06	-0.150695
-18.08	-0.150583
-18.1	-0.150471
-18.12	-0.15036
-18.14	-0.150248
-18.16	-0.150137
-18.18	-0.150027
-18.2	-0.149916
-18.22	-0.149806
-18.24	-0.149696
-18.26	-0.149587
-18.28	-0.149477
-18.3	-0.149368
-18.32	-0.149259
-18.34	-0.149151
-18.36	-0.149042
-18.38	-0.148934
-18.4	-0.148826
-18.42	-0.148718
-18.44	-0.148611
-18.46	-0.148504
-18.48	-0.148397
-18.5	-0.14829
-18.52	-0.148184
-18.54	-0.148078
-18.56	-0.147972
-18.58	-0.147866
-18.6	-0.14776
-18.62	-0.147655
-18.64	-0.14755
-18.66	-0.147445
-18.68	-0.147341
-18.7	-0.147237
-18.72	-0.147133
-18.74	-0.147029
-18.76	-0.146925
-18.78	-0.146822
-18.8	-0.146719
-18.82	-0.146616
-18.84	-0.146513
-18.86	-0.146411
-18.88	-0.146308
-18.9	-0.146206
-18.92	-0.146105
-18.94	-0.146003
-18.96	-0.145902
-18.98	-0.145801
-19	-0.1457
-19.02	-0.145599
-19.04	-0.145499
-19.06	-0.145398
-19.08	-0.145298
-19.1	-0.145198
-19.12	-0.145099
-19.14	-0.144999
-19.16	-0.1449
-19.18	-0.144801
-19.2	-0.144703
-19.22	-0.144604
-19.24	-0.144506
-19.26	-0.144408
-19.28	-0.14431
-19.3	-0.144212
-19.32	-0.144115
-19.34	-0.144017
-19.36	-0.14392
-19.38	-0.143824
-19.4	-0.143727
-19.42	-0.14363
-19.44	-0.143534
-19.46	-0.143438
-19.48	-0.143342
-19.5	-0.143247
-19.52	-0.143151
-19.54	-0.143056
-19.56	-0.142961
-19.58	-0.142866
-19.6	-0.142772
-19.62	-0.142677
-19.64	-0.142583
-19.66	-0.142489
-19.68	-0.142395
-19.7	-0.142301
-19.72	-0.142208
-19.74	-0.142115
-19.76	-0.142021
-19.78	-0.141929
-19.8	-0.141836
-19.82	-0.141743
-19.84	-0.141651
-19.86	-0.141559
-19.88	-0.141467
-19.9	-0.141375
-19.92	-0.141284
-19.94	-0.141192
-19.96	-0.141101
-19.98	-0.14101
-20	-0.140919
-19.98	-0.14082
-19.96	-0.140725
-19.94	-0.140631
-19.92	-0.140538
-19.9	-0.140446
-19.88	-0.140354
-19.86	-0.140262
-19.84	-0.140171
-19.82	-0.14008
-19.8	-0.139989
-19.78	-0.139899
-19.76	-0.139809
-19.74	-0.139719
-19.72	-0.139629
-19.7	-0.13954
-19.68	-0.13945
-19.66	-0.139361
-19.64	-0.139272
-19.62	-0.139184
-19.6	-0.139095
-19.58	-0.139007
-19.56	-0.138919
-19.54	-0.138831
-19.52	-0.138744
-19.5	-0.138656
-19.48	-0.138569
-19.46	-0.138482
-19.44	-0.138395
-19.42	-0.138308
-19.4	-0.138221
-19.38	-0.138135
-19.36	-0.138049
-19.34	-0.137963
-19.32	-0.137877
-19.3	-0.137791
-19.28	-0.137706
-19.26	-0.13762
-19.24	-0.137535
-19.22	-0.13745
-19.2	-0.137365
-19.18	-0.137281
-19.16	-0.137196
-19.14	-0.137112
-19.12	-0.137027
-19.1	-0.136943
-19.08	-0.136859
-19.06	-0.136776
-19.04	-0.136692
-19.02	-0.136609
-19	-0.136526
-18.98	-0.136442
-18.96	-0.13636
-18.94	-0.136277
-18.92	-0.136194
-18.9	-0.136112
-18.88	-0.136029
-18.86	-0.135947
-18.84	-0.135865
-18.82	-0.135783
-18.8	-0.135701
-18.78	-0.13562
-18.76	-0.135538
-18.74	-0.135457
-18.72	-0.135376
-18.7	-0.135295
-18.68	-0.135214
-18.66	-0.135134
-18.64	-0.135053
-18.62	-0.134973
-18.6	-0.134892
-18.58	-0.134812
-18.56	-0.134732
-18.54	-0.134652
-18.52	-0.134573
-18.5	-0.134493
-18.48	-0.134414
-18.46	-0.134334
-18.44	-0.134255
-18.42	-0.134176
-18.4	-0.134097
-18.38	-0.134018
-18.36	-0.13394
-18.34	-0.133861
-18.32	-0.133783
-18.3	-0.133705
-18.28	-0.133627
-18.26	-0.133549
-18.24	-0.133471
-18.22	-0.133393
-18.2	-0.133316
-18.18	-0.133238
-18.16	-0.133161
-18.14	-0.133084
-18.12	-0.133007
-18.1	-0.13293
-18.08	-0.132853
-18.06	-0.132776
-18.04	-0.1327
-18.02	-0.132623
-18	-0.132547
-17.98	-0.132471
-17.96	-0.132395
-17.94	-0.132319
-17.92	-0.132243
-17.9	-0.132168
-17.88	-0.132092
-17.86	-0.132017
-17.84	-0.131941
-17.82	-0.131866
-17.8	-0.131791
-17.78	-0.131716
-17.76	-0.131641
-17.74	-0.131566
-17.72	-0.131492
-17.7	-0.131417
-17.68	-0.131343
-17.66	-0.131269
-17.64	-0.131195
-17.62	-0.131121
-17.6	-0.131047
-17.58	-0.130973
-17.56	-0.130899
-17.54	-0.130826
-17.52	-0.130752
-17.5	-0.130679
-17.48	-0.130606
-17.46	-0.130533
-17.44	-0.130459
-17.42	-0.130387
-17.4	-0.130314
-17.38	-0.130241
-17.36	-0.130169
-17.34	-0.130096
-17.32	-0.130024
-17.3	-0.129951
-17.28	-0.129879
-17.26	-0.129807
-17.24	-0.129735
-17.22	-0.129663
-17.2	-0.129592
-17.18	-0.12952
-17.16	-0.129449
-17.14	-0.129377
-17.12	-0.129306
-17.1	-0.129235
-17.08	-0.129163
-17.06	-0.129092
-17.04	-0.129022
-17.02	-0.128951
-17	-0.12888
-16.98	-0.128809
-16.96	-0.128739
-16.94	-0.128668
-16.92	-0.128598
-16.9	-0.128528
-16.88	-0.128458
-16.86	-0.128388
-16.84	-0.128318
-16.82	-0.128248
-16.8	-0.128178
-16.78	-0.128108
-16.76	-0.128039
-16.74	-0.127969
-16.72	-0.1279
-16.7	-0.127831
-16.68	-0.127761
-16.66	-0.127692
-16.64	-0.127623
-16.62	-0.127554
-16.6	-0.127486
-16.58	-0.127417
-16.56	-0.127348
-16.54	-0.12728
-16.52	-0.127211
-16.5	-0.127143
-16.48	-0.127074
-16.46	-0.127006
-16.44	-0.126938
-16.42	-0.12687
-16.4	-0.126802
-16.38	-0.126734
-16.36	-0.126666
-16.34	-0.126598
-16.32	-0.126531
-16.3	-0.126463
-16.28	-0.126396
-16.26	-0.126328
-16.24	-0.126261
-16.22	-0.126194
-16.2	-0.126127
-16.18	-0.12606
-16.16	-0.125993
-16.14	-0.125926
-16.12	-0.125859
-16.1	-0.125792
-16.08	-0.125725
-16.06	-0.125659
-16.04	-0.125592
-16.02	-0.125526
-16	-0.125459
-15.98	-0.125393
-15.96	-0.125327
-15.94	-0.12526
-15.92	-0.125194
-15.9	-0.125128
-15.88	-0.125062
-15.86	-0.124996
-15.84	-0.124931
-15.82	-0.124865
-15.8	-0.124799
-15.78	-0.124733
-15.76	-0.124668
-15.74	-0.124602
-15.72	-0.124537
-15.7	-0.124472
-15.68	-0.124406
-15.66	-0.124341
-15.64	-0.124276
-15.62	-0.124211
-15.6	-0.124146
-15.58	-0.124081
-15.56	-0.124016
-15.54	-0.123951
-15.52	-0.123886
-15.5	-0.123822
-15.48	-0.123757
-15.46	-0.123692
-15.44	-0.123628
-15.42	-0.123563
-15.4	-0.123499
-15.38	-0.123434
-15.36	-0.12337
-15.34	-0.123306
-15.32	-0.123242
-15.3	-0.123177
-15.28	-0.123113
-15.26	-0.123049
-15.24	-0.122985
-15.22	-0.122921
-15.2	-0.122857
-15.18	-0.122794
-15.16	-0.12273
-15.14	-0.122666
-15.12	-0.122602
-15.1	-0.122539
-15.08	-0.122475
-15.06	-0.122412
-15.04	-0.122348
-15.02	-0.122285
-15	-0.122221
-14.98	-0.122158
-14.96	-0.122095
-14.94	-0.122031
-14.92	-0.121968
-14.9	-0.121905
-14.88	-0.121842
-14.86	-0.121779
-14.84	-0.121716
-14.82	-0.121653
-14.8	-0.12159
-14.78	-0.121527
-14.76	-0.121464
-14.74	-0.121401
-14.72	-0.121338
-14.7	-0.121275
-14.68	-0.121213
-14.66	-0.12115
-14.64	-0.121087
-14.62	-0.121025
-14.6	-0.120962
-14.58	-0.120899
-14.56	-0.120837
-14.54	-0.120774
-14.52	-0.120712
-14.5	-0.120649
-14.48	-0.120587
-14.46	-0.120525
-14.44	-0.120462
-14.42	-0.1204
-14.4	-0.120338
-14.38	-0.120275
-14.36	-0.120213
-14.34	-0.120151
-14.32	-0.120088
-14.3	-0.120026
-14.28	-0.119964
-14.26	-0.119902
-14.24	-0.11984
-14.22	-0.119778
-14.2	-0.119716
-14.18	-0.119654
-14.16	-0.119591
-14.14	-0.119529
-14.12	-0.119467
-14.1	-0.119405
-14.08	-0.119343
-14.06	-0.119281
-14.04	-0.119219
-14.02	-0.119157
-14	-0.119095
-13.98	-0.119033
-13.96	-0.118972
-13.94	-0.11891
-13.92	-0.118848
-13.9	-0.118786
-13.88	-0.118724
-13.86	-0.118662
-13.84	-0.1186
-13.82	-0.118538
-13.8	-0.118476
-13.78	-0.118414
-13.76	-0.118353
-13.74	-0.118291
-13.72	-0.118229
-13.7	-0.118167
-13.68	-0.118105
-13.66	-0.118043
-13.64	-0.117981
-13.62	-0.117919
-13.6	-0.117857
-13.58	-0.117795
-13.56	-0.117733
-13.54	-0.117672
-13.52	-0.11761
-13.5	-0.117548
-13.48	-0.117486
-13.46	-0.117424
-13.44	-0.117362
-13.42	-0.1173
-13.4	-0.117238
-13.38	-0.117176
-13.36	-0.117114
-13.34	-0.117051
-13.32	-0.116989
-13.3	-0.116927
-13.28	-0.116865
-13.26	-0.116803
-13.24	-0.116741
-13.22	-0.116679
-13.2	-0.116616
-13.18	-0.116554
-13.16	-0.116492
-13.14	-0.116429
-13.12	-0.116367
-13.1	-0.116305
-13.08	-0.116242
-13.06	-0.11618
-13.04	-0.116117
-13.02	-0.116055
-13	-0.115992
-12.98	-0.11593
-12.96	-0.115867
-12.94	-0.115804
-12.92	-0.115742
-12.9	-0.115679
-12.88	-0.115616
-12.86	-0.115553
-12.84	-0.11549
-12.82	-0.115427
-12.8	-0.115364
-12.78	-0.115301
-12.76	-0.115238
-12.74	-0.115175
-12.72	-0.115112
-12.7	-0.115049
-12.68	-0.114985
-12.66	-0.114922
-12.64	-0.114859
-12.62	-0.114795
-12.6	-0.114732
-12.58	-0.114668
-12.56	-0.114604
-12.54	-0.114541
-12.52	-0.114477
-12.5	-0.114413
-12.48	-0.114349
-12.46	-0.114285
-12.44	-0.114221
-12.42	-0.114157
-12.4	-0.114093
-12.38	-0.114028
-12.36	-0.113964
-12.34	-0.1139
-12.32	-0.113835
-12.3	-0.11377
-12.28	-0.113706
-12.26	-0.113641
-12.24	-0.113576
-12.22	-0.113511
-12.2	-0.113446
-12.18	-0.113381
-12.16	-0.113316
-12.14	-0.113251
-12.12	-0.113185
-12.1	-0.11312
-12.08	-0.113054
-12.06	-0.112988
-12.04	-0.112923
-12.02	-0.112857
-12	-0.112791
-11.98	-0.112725
-11.96	-0.112658
-11.94	-0.112592
-11.92	-0.112526
-11.9	-0.112459
-11.88	-0.112392
-11.86	-0.112326
-11.84	-0.112259
-11.82	-0.112192
-11.8	-0.112125
-11.78	-0.112057
-11.76	-0.11199
-11.74	-0.111923
-11.72	-0.111855
-11.7	-0.111787
-11.68	-0.111719
-11.66	-0.111651
-11.64	-0.111583
-11.62	-0.111515
-11.6	-0.111446
-11.58	-0.111378
-11.56	-0.111309
-11.54	-0.11124
-11.52	-0.111171
-11.5	-0.111102
-11.48	-0.111033
-11.46	-0.110963
-11.44	-0.110894
-11.42	-0.110824
-11.4	-0.110754
-11.38	-0.110684
-11.36	-0.110614
-11.34	-0.110544
-11.32	-0.110473
-11.3	-0.110402
-11.28	-0.110331
-11.26	-0.11026
-11.24	-0.110189
-11.22	-0.110118
-11.2	-0.110046
-11.18	-0.109974
-11.16	-0.109902
-11.14	-0.10983
-11.12	-0.109758
-11.1	-0.109686
-11.08	-0.109613
-11.06	-0.10954
-11.04	-0.109467
-11.02	-0.109394
-11	-0.10932
-10.98	-0.109246
-10.96	-0.109173
-10.94	-0.109099
-10.92	-0.109024
-10.9	-0.10895
-10.88	-0.108875
-10.86	-0.1088
-10.84	-0.108725
-10.82	-0.10865
-10.8	-0.108574
-10.78	-0.108498
-10.76	-0.108422
-10.74	-0.108346
-10.72	-0.108269
-10.7	-0.108193
-10.68	-0.108116
-10.66	-0.108039
-10.64	-0.107961
-10.62	-0.107883
-10.6	-0.107806
-10.58	-0.107727
-10.56	-0.107649
-10.54	-0.10757
-10.52	-0.107491
-10.5	-0.107412
-10.48	-0.107333
-10.46	-0.107253
-10.44	-0.107173
-10.42	-0.107093
-10.4	-0.107012
-10.38	-0.106931
-10.36	-0.10685
-10.34	-0.106769
-10.32	-0.106687
-10.3	-0.106605
-10.28	-0.106523
-10.26	-0.10644
-10.24	-0.106358
-10.22	-0.106275
-10.2	-0.106191
-10.18	-0.106107
-10.16	-0.106023
-10.14	-0.105939
-10.12	-0.105854
-10.1	-0.105769
-10.08	-0.105684
-10.06	-0.105599
-10.04	-0.105513
-10.02	-0.105426
-10	-0.10534
-9.98	-0.105253
-9.96	-0.105166
-9.94	-0.105078
-9.92	-0.10499
-9.9	-0.104902
-9.88	-0.104813
-9.86	-0.104724
-9.84	-0.104635
-9.82	-0.104545
-9.8	-0.104455
-9.78	-0.104365
-9.76	-0.104274
-9.74	-0.104183
-9.72	-0.104092
-9.7	-0.104
-9.68	-0.103908
-9.66	-0.103815
-9.64	-0.103722
-9.62	-0.103629
-9.6	-0.103535
-9.58	-0.103441
-9.56	-0.103346
-9.54	-0.103251
-9.52	-0.103156
-9.5	-0.10306
-9.48	-0.102964
-9.46	-0.102867
-9.44	-0.10277
-9.42	-0.102672
-9.4	-0.102574
-9.38	-0.102476
-9.36	-0.102377
-9.34	-0.102278
-9.32	-0.102179
-9.3	-0.102079
-9.28	-0.101978
-9.26	-0.101877
-9.24	-0.101776
-9.22	-0.101674
-9.2	-0.101571
-9.18	-0.101469
-9.16	-0.101365
-9.14	-0.101262
-9.12	-0.101157
-9.1	-0.101053
-9.08	-0.100948
-9.06	-0.100842
-9.04	-0.100736
-9.02	-0.100629
-9	-0.100522
-8.98	-0.100414
-8.96	-0.100306
-8.94	-0.100198
-8.92	-0.100089
-8.9	-0.0999789
-8.88	-0.0998687
-8.86	-0.099758
-8.84	-0.0996468
-8.82	-0.0995351
-8.8	-0.0994228
-8.78	-0.09931
-8.76	-0.0991966
-8.74	-0.0990828
-8.72	-0.0989683
-8.7	-0.0988533
-8.68	-0.0987378
-8.66	-0.0986217
-8.64	-0.098505
-8.62	-0.0983878
-8.6	-0.09827
-8.58	-0.0981517
-8.56	-0.0980327
-8.54	-0.0979132
-8.52	-0.0977931
-8.5	-0.0976724
-8.48	-0.0975511
-8.46	-0.0974292
-8.44	-0.0973068
-8.42	-0.0971837
-8.4	-0.09706
-8.38	-0.0969357
-8.36	-0.0968108
-8.34	-0.0966853
-8.32	-0.0965591
-8.3	-0.0964323
-8.28	-0.0963049
-8.26	-0.0961769
-8.24	-0.0960482
-8.22	-0.0959189
-8.2	-0.095789
-8.18	-0.0956584
-8.16	-0.0955271
-8.14	-0.0953952
-8.12	-0.0952626
-8.1	-0.0951294
-8.08	-0.0949955
-8.06	-0.0948609
-8.04	-0.0947257
-8.02	-0.0945898
-8	-0.0944532
-7.98	-0.0943159
-7.96	-0.0941779
-7.94	-0.0940393
-7.92	-0.0938999
-7.9	-0.0937598
-7.88	-0.0936191
-7.86	-0.0934776
-7.84	-0.0933354
-7.82	-0.0931925
-7.8	-0.0930489
-7.78	-0.0929046
-7.76	-0.0927595
-7.74	-0.0926137
-7.72	-0.0924672
-7.7	-0.0923199
-7.68	-0.0921719
-7.66	-0.0920232
-7.64	-0.0918737
-7.62	-0.0917235
-7.6	-0.0915725
-7.58	-0.0914207
-7.56	-0.0912682
-7.54	-0.0911149
-7.52	-0.0909609
-7.5	-0.0908061
-7.48	-0.0906505
-7.46	-0.0904941
-7.44	-0.090337
-7.42	-0.090179
-7.4	-0.0900203
-7.38	-0.0898608
-7.36	-0.0897005
-7.34	-0.0895394
-7.32	-0.0893775
-7.3	-0.0892148
-7.28	-0.0890513
-7.26	-0.0888869
-7.24	-0.0887218
-7.22	-0.0885558
-7.2	-0.0883891
-7.18	-0.0882214
-7.16	-0.088053
-7.14	-0.0878837
-7.12	-0.0877137
-7.1	-0.0875427
-7.08	-0.0873709
-7.06	-0.0871983
-7.04	-0.0870249
-7.02	-0.0868506
-7	-0.0866754
-6.98	-0.0864994
-6.96	-0.0863225
-6.94	-0.0861448
-6.92	-0.0859662
-6.9	-0.0857867
-6.88	-0.0856064
-6.86	-0.0854252
-6.84	-0.0852431
-6.82	-0.0850602
-6.8	-0.0848764
-6.78	-0.0846917
-6.76	-0.0845061
-6.74	-0.0843196
-6.72	-0.0841322
-6.7	-0.083944
-6.68	-0.0837548
-6.66	-0.0835647
-6.64	-0.0833738
-6.62	-0.0831819
-6.6	-0.0829892
-6.58	-0.0827955
-6.56	-0.0826009
-6.54	-0.0824054
-6.52	-0.082209
-6.5	-0.0820117
-6.48	-0.0818135
-6.46	-0.0816143
-6.44	-0.0814142
-6.42	-0.0812132
-6.4	-0.0810113
-6.38	-0.0808084
-6.36	-0.0806046
-6.34	-0.0803999
-6.32	-0.0801942
-6.3	-0.0799876
-6.28	-0.0797801
-6.26	-0.0795716
-6.24	-0.0793622
-6.22	-0.0791518
-6.2	-0.0789405
-6.18	-0.0787283
-6.16	-0.078515
-6.14	-0.0783009
-6.12	-0.0780858
-6.1	-0.0778697
-6.08	-0.0776527
-6.06	-0.0774347
-6.04	-0.0772157
-6.02	-0.0769958
-6	-0.0767749
-5.98	-0.0765531
-5.96	-0.0763303
-5.94	-0.0761065
-5.92	-0.0758818
-5.9	-0.0756561
-5.88	-0.0754294
-5.86	-0.0752017
-5.84	-0.0749731
-5.82	-0.0747435
-5.8	-0.0745129
-5.78	-0.0742813
-5.76	-0.0740488
-5.74	-0.0738152
-5.72	-0.0735807
-5.7	-0.0733452
-5.68	-0.0731088
-5.66	-0.0728713
-5.64	-0.0726329
-5.62	-0.0723934
-5.6	-0.072153
-5.58	-0.0719116
-5.56	-0.0716692
-5.54	-0.0714258
-5.52	-0.0711814
-5.5	-0.070936
-5.48	-0.0706896
-5.46	-0.0704422
-5.44	-0.0701939
-5.42	-0.0699445
-5.4	-0.0696941
-5.38	-0.0694428
-5.36	-0.0691904
-5.34	-0.068937
-5.32	-0.0686827
-5.3	-0.0684273
-5.28	-0.0681709
-5.26	-0.0679135
-5.24	-0.0676552
-5.22	-0.0673958
-5.2	-0.0671354
-5.18	-0.066874
-5.16	-0.0666115
-5.14	-0.0663481
-5.12	-0.0660837
-5.1	-0.0658182
-5.08	-0.0655518
-5.06	-0.0652843
-5.04	-0.0650158
-5.02	-0.0647463
-5	-0.0644758
-4.98	-0.0642043
-4.96	-0.0639318
-4.94	-0.0636582
-4.92	-0.0633836
-4.9	-0.063108
-4.88	-0.0628314
-4.86	-0.0625538
-4.84	-0.0622751
-4.82	-0.0619955
-4.8	-0.0617148
-4.78	-0.0614331
-4.76	-0.0611503
-4.74	-0.0608665
-4.72	-0.0605817
-4.7	-0.0602959
-4.68	-0.0600091
-4.66	-0.0597212
-4.64	-0.0594323
-4.62	-0.0591423
-4.6	-0.0588513
-4.58	-0.0585593
-4.56	-0.0582663
-4.54	-0.0579722
-4.52	-0.0576771
-4.5	-0.0573809
-4.48	-0.0570837
-4.46	-0.0567855
-4.44	-0.0564862
-4.42	-0.0561859
-4.4	-0.0558845
-4.38	-0.0555821
-4.36	-0.0552786
-4.34	-0.0549741
-4.32	-0.0546686
-4.3	-0.054362
-4.28	-0.0540543
-4.26	-0.0537456
-4.24	-0.0534358
-4.22	-0.053125
-4.2	-0.0528131
-4.18	-0.0525001
-4.16	-0.0521861
-4.14	-0.051871
-4.12	-0.0515548
-4.1	-0.0512376
-4.08	-0.0509193
-4.06	-0.0505999
-4.04	-0.0502795
-4.02	-0.0499579
-4	-0.0496353
-3.98	-0.0493116
-3.96	-0.0489868
-3.94	-0.0486609
-3.92	-0.048334
-3.9	-0.0480059
-3.88	-0.0476768
-3.86	-0.0473465
-3.84	-0.0470151
-3.82	-0.0466827
-3.8	-0.0463491
-3.78	-0.0460144
-3.76	-0.0456786
-3.74	-0.0453417
-3.72	-0.0450036
-3.7	-0.0446644
-3.68	-0.0443241
-3.66	-0.0439827
-3.64	-0.0436401
-3.62	-0.0432964
-3.6	-0.0429515
-3.58	-0.0426055
-3.56	-0.0422584
-3.54	-0.04191
-3.52	-0.0415606
-3.5	-0.0412099
-3.48	-0.0408581
-3.46	-0.0405051
-3.44	-0.040151
-3.42	-0.0397956
-3.4	-0.0394391
-3.38	-0.0390813
-3.36	-0.0387224
-3.34	-0.0383623
-3.32	-0.0380009
-3.3	-0.0376384
-3.28	-0.0372746
-3.26	-0.0369096
-3.24	-0.0365434
-3.22	-0.0361759
-3.2	-0.0358072
-3.18	-0.0354373
-3.16	-0.035066
-3.14	-0.0346936
-3.12	-0.0343198
-3.1	-0.0339448
-3.08	-0.0335685
-3.06	-0.033191
-3.04	-0.0328121
-3.02	-0.0324319
-3	-0.0320505
-2.98	-0.0316677
-2.96	-0.0312836
-2.94	-0.0308981
-2.92	-0.0305113
-2.9	-0.0301232
-2.88	-0.0297338
-2.86	-0.0293429
-2.84	-0.0289507
-2.82	-0.0285572
-2.8	-0.0281622
-2.78	-0.0277659
-2.76	-0.0273681
-2.74	-0.026969
-2.72	-0.0265684
-2.7	-0.0261664
-2.68	-0.025763
-2.66	-0.0253581
-2.64	-0.0249518
-2.62	-0.024544
-2.6	-0.0241348
-2.58	-0.023724
-2.56	-0.0233118
-2.54	-0.0228981
-2.52	-0.0224828
-2.5	-0.0220661
-2.48	-0.0216478
-2.46	-0.0212279
-2.44	-0.0208066
-2.42	-0.0203836
-2.4	-0.0199591
-2.38	-0.019533
-2.36	-0.0191053
-2.34	-0.018676
-2.32	-0.0182451
-2.3	-0.0178126
-2.28	-0.0173784
-2.26	-0.0169426
-2.24	-0.0165051
-2.22	-0.0160659
-2.2	-0.0156251
-2.18	-0.0151825
-2.16	-0.0147383
-2.14	-0.0142923
-2.12	-0.0138446
-2.1	-0.0133951
-2.08	-0.0129439
-2.06	-0.0124909
-2.04	-0.0120362
-2.02	-0.0115796
-2	-0.0111212
-1.98	-0.010661
-1.96	-0.010199
-1.94	-0.00973509
-1.92	-0.00926933
-1.9	-0.0088017
-1.88	-0.00833218
-1.86	-0.00786076
-1.84	-0.00738741
-1.82	-0.00691213
-1.8	-0.00643491
-1.78	-0.00595572
-1.76	-0.00547456
-1.74	-0.0049914
-1.72	-0.00450625
-1.7	-0.00401907
-1.68	-0.00352986
-1.66	-0.0030386
-1.64	-0.00254528
-1.62	-0.00204988
-1.6	-0.00155239
-1.58	-0.00105279
-1.56	-0.000551062
-1.54	-4.7197e-05
-1.52	0.000458822
-1.5	0.000967012
-1.48	0.00147739
-1.46	0.00198996
-1.44	0.00250476
-1.42	0.00302178
-1.4	0.00354106
-1.38	0.00406259
-1.36	0.00458641
-1.34	0.00511252
-1.32	0.00564095
-1.3	0.00617171
-1.28	0.0067048
-1.26	0.00724026
-1.24	0.0077781
-1.22	0.00831833
-1.2	0.00886096
-1.18	0.00940603
-1.16	0.00995353
-1.14	0.0105035
-1.12	0.0110559
-1.1	0.0116109
-1.08	0.0121683
-1.06	0.0127283
-1.04	0.0132908
-1.02	0.0138558
-1	0.0144234
-0.98	0.0149937
-0.96	0.0155665
-0.94	0.0161419
-0.92	0.01672
-0.9	0.0173008
-0.88	0.0178842
-0.86	0.0184703
-0.84	0.0190591
-0.82	0.0196506
-0.8	0.0202449
-0.78	0.0208419
-0.76	0.0214417
-0.74	0.0220442
-0.72	0.0226496
-0.7	0.0232578
-0.68	0.0238688
-0.66	0.0244826
-0.64	0.0250994
-0.62	0.025719
-0.6	0.0263415
-0.58	0.0269669
-0.56	0.0275952
-0.54	0.0282265
-0.52	0.0288607
-0.5	0.0294979
-0.48	0.0301381
-0.46	0.0307813
-0.44	0.0314275
-0.42	0.0320768
-0.4	0.032729
-0.38	0.0333844
-0.36	0.0340428
-0.34	0.0347043
-0.32	0.0353689
-0.3	0.0360365
-0.28	0.0367074
-0.26	0.0373813
-0.24	0.0380584
-0.22	0.0387387
-0.2	0.0394222
-0.18	0.0401088
-0.16	0.0407986
-0.14	0.0414917
-0.12	0.0421879
-0.1	0.0428874
-0.08	0.0435902
-0.06	0.0442962
-0.04	0.0450054
-0.02	0.045718
3.37681e-13	0.0464338
0.02	0.0471529
0.04	0.0478753
0.06	0.048601
0.08	0.04933
0.1	0.0500624
0.12	0.0507981
0.14	0.0515371
0.16	0.0522795
0.18	0.0530253
0.2	0.0537744
0.22	0.0545268
0.24	0.0552827
0.26	0.0560419
0.28	0.0568045
0.3	0.0575705
0.32	0.0583398
0.34	0.0591126
0.36	0.0598887
0.38	0.0606683
0.4	0.0614512
0.42	0.0622376
0.44	0.0630273
0.46	0.0638205
0.48	0.064617
0.5	0.0654169
0.52	0.0662203
0.54	0.067027
0.56	0.0678371
0.58	0.0686506
0.6	0.0694675
0.62	0.0702878
0.64	0.0711114
0.66	0.0719384
0.68	0.0727688
0.7	0.0736025
0.72	0.0744396
0.74	0.07528
0.76	0.0761237
0.78	0.0769708
0.8	0.0778212
0.82	0.0786748
0.84	0.0795318
0.86	0.080392
0.88	0.0812555
0.9	0.0821223
0.92	0.0829922
0.94	0.0838654
0.96	0.0847418
0.98	0.0856214
1	0.0865041
1.02	0.08739
1.04	0.088279
1.06	0.0891712
1.08	0.0900664
1.1	0.0909646
1.12	0.0918659
1.14	0.0927702
1.16	0.0936775
1.18	0.0945878
1.2	0.095501
1.22	0.0964171
1.24	0.0973361
1.26	0.098258
1.28	0.0991827
1.3	0.10011
1.32	0.10104
1.34	0.101973
1.36	0.102909
1.38	0.103847
1.4	0.104788
1.42	0.105732
1.44	0.106678
1.46	0.107626
1.48	0.108577
1.5	0.109531
1.52	0.110486
1.54	0.111445
1.56	0.112405
1.58	0.113368
1.6	0.114332
1.62	0.115299
1.64	0.116269
1.66	0.11724
1.68	0.118213
1.7	0.119188
1.72	0.120165
1.74	0.121144
1.76	0.122124
1.78	0.123107
1.8	0.124091
1.82	0.125076
1.84	0.126063
1.86	0.127052
1.88	0.128042
1.9	0.129033
1.92	0.130026
1.94	0.13102
1.96	0.132015
1.98	0.133011
2	0.134008
2.02	0.135006
2.04	0.136005
2.06	0.137005
2.08	0.138005
2.1	0.139007
2.12	0.140008
2.14	0.141011
2.16	0.142013
2.18	0.143016
2.2	0.144019
2.22	0.145023
2.24	0.146026
2.26	0.14703
2.28	0.148033
2.3	0.149036
2.32	0.150039
2.34	0.151042
2.36	0.152044
2.38	0.153046
2.4	0.154047
2.42	0.155047
2.44	0.156047
2.46	0.157045
2.48	0.158043
2.5	0.159039
2.52	0.160035
2.54	0.161029
2.56	0.162021
2.58	0.163012
2.6	0.164002
2.62	0.16499
2.64	0.165976
2.66	0.16696
2.68	0.167942
2.7	0.168922
2.72	0.169899
2.74	0.170875
2.76	0.171848
2.78	0.172818
2.8	0.173786
2.82	0.174751
2.84	0.175713
2.86	0.176672
2.88	0.177627
2.9	0.17858
2.92	0.179529
2.94	0.180475
2.96	0.181417
2.98	0.182356
3	0.183291
3.02	0.184222
3.04	0.185148
3.06	0.186071
3.08	0.186989
3.1	0.187903
3.12	0.188813
3.14	0.189718
3.16	0.190618
3.18	0.191513
3.2	0.192403
3.22	0.193288
3.24	0.194168
3.26	0.195043
3.28	0.195912
3.3	0.196776
3.32	0.197634
3.34	0.198486
3.36	0.199332
3.38	0.200172
3.4	0.201006
3.42	0.201834
3.44	0.202655
3.46	0.20347
3.48	0.204278
3.5	0.205079
3.52	0.205874
3.54	0.206662
3.56	0.207442
3.58	0.208216
3.6	0.208982
3.62	0.209741
3.64	0.210492
3.66	0.211235
3.68	0.211971
3.7	0.212699
3.72	0.213419
3.74	0.214132
3.76	0.214836
3.78	0.215531
3.8	0.216219
3.82	0.216898
3.84	0.217568
3.86	0.21823
3.88	0.218883
3.9	0.219527
3.92	0.220162
3.94	0.220789
3.96	0.221406
3.98	0.222014
4	0.222613
4.02	0.223202
4.04	0.223782
4.06	0.224353
4.08	0.224914
4.1	0.225465
4.12	0.226007
4.14	0.226539
4.16	0.22706
4.18	0.227572
4.2	0.228074
4.22	0.228566
4.24	0.229048
4.26	0.22952
4.28	0.229981
4.3	0.230432
4.32	0.230873
4.34	0.231303
4.36	0.231723
4.38	0.232133
4.4	0.232532
4.42	0.23292
4.44	0.233298
4.46	0.233665
4.48	0.234021
4.5	0.234367
4.52	0.234702
4.54	0.235026
4.56	0.235339
4.58	0.235642
4.6	0.235934
4.62	0.236215
4.64	0.236485
4.66	0.236744
4.68	0.236993
4.7	0.23723
4.72	0.237457
4.74	0.237673
4.76	0.237878
4.78	0.238072
4.8	0.238255
4.82	0.238428
4.84	0.238589
4.86	0.23874
4.88	0.23888
4.9	0.239009
4.92	0.239128
4.94	0.239236
4.96	0.239333
4.98	0.239419
5	0.239495
5.02	0.239561
5.04	0.239616
5.06	0.23966
5.08	0.239694
5.1	0.239717
5.12	0.23973
5.14	0.239733
5.16	0.239726
5.18	0.239708
5.2	0.239681
5.22	0.239643
5.24	0.239595
5.26	0.239538
5.28	0.23947
5.3	0.239393
5.32	0.239306
5.34	0.239209
5.36	0.239103
5.38	0.238987
5.4	0.238862
5.42	0.238727
5.44	0.238583
5.46	0.23843
5.48	0.238268
5.5	0.238097
5.52	0.237917
5.54	0.237728
5.56	0.237531
5.58	0.237325
5.6	0.23711
5.62	0.236887
5.64	0.236656
5.66	0.236416
5.68	0.236169
5.7	0.235913
5.72	0.235649
5.74	0.235378
5.76	0.235098
5.78	0.234812
5.8	0.234517
5.82	0.234216
5.84	0.233906
5.86	0.23359
5.88	0.233267
5.9	0.232937
5.92	0.2326
5.94	0.232256
5.96	0.231906
5.98	0.231549
6	0.231185
6.02	0.230816
6.04	0.23044
6.06	0.230058
6.08	0.229671
6.1	0.229277
6.12	0.228878
6.14	0.228473
6.16	0.228063
6.18	0.227647
6.2	0.227226
6.22	0.2268
6.24	0.226369
6.26	0.225933
6.28	0.225492
6.3	0.225047
6.32	0.224597
6.34	0.224142
6.36	0.223683
6.38	0.22322
6.4	0.222753
6.42	0.222282
6.44	0.221806
6.46	0.221328
6.48	0.220845
6.5	0.220359
6.52	0.219869
6.54	0.219376
6.56	0.218879
6.58	0.21838
6.6	0.217877
6.62	0.217372
6.64	0.216863
6.66	0.216352
6.68	0.215839
6.7	0.215322
6.72	0.214803
6.74	0.214282
6.76	0.213759
6.78	0.213233
6.8	0.212705
6.82	0.212176
6.84	0.211644
6.86	0.211111
6.88	0.210576
6.9	0.210039
6.92	0.209501
6.94	0.208961
6.96	0.20842
6.98	0.207877
7	0.207334
7.02	0.206789
7.04	0.206243
7.06	0.205696
7.08	0.205149
7.1	0.2046
7.12	0.204051
7.14	0.203501
7.16	0.202951
7.18	0.2024
7.2	0.201848
7.22	0.201296
7.24	0.200744
7.26	0.200191
7.28	0.199639
7.3	0.199086
7.32	0.198533
7.34	0.19798
7.36	0.197428
7.38	0.196875
7.4	0.196322
7.42	0.19577
7.44	0.195218
7.46	0.194666
7.48	0.194115
7.5	0.193564
7.52	0.193014
7.54	0.192464
7.56	0.191915
7.58	0.191366
7.6	0.190818
7.62	0.190271
7.64	0.189725
7.66	0.189179
7.68	0.188634
7.7	0.18809
7.72	0.187547
7.74	0.187005
7.76	0.186464
7.78	0.185925
7.8	0.185386
7.82	0.184848
7.84	0.184311
7.86	0.183776
7.88	0.183242
7.9	0.182709
7.92	0.182177
7.94	0.181647
7.96	0.181118
7.98	0.18059
8	0.180064
8.02	0.179539
8.04	0.179016
8.06	0.178494
8.08	0.177973
8.1	0.177454
8.12	0.176937
8.14	0.176421
8.16	0.175907
8.18	0.175394
8.2	0.174883
8.22	0.174373
8.24	0.173865
8.26	0.173359
8.28	0.172854
8.3	0.172351
8.32	0.17185
8.34	0.171351
8.36	0.170853
8.38	0.170357
8.4	0.169863
8.42	0.16937
8.44	0.16888
8.46	0.168391
8.48	0.167903
8.5	0.167418
8.52	0.166935
8.54	0.166453
8.56	0.165973
8.58	0.165495
8.6	0.165019
8.62	0.164544
8.64	0.164072
8.66	0.163601
8.68	0.163132
8.7	0.162665
8.72	0.1622
8.74	0.161737
8.76	0.161276
8.78	0.160817
8.8	0.160359
8.82	0.159903
8.84	0.15945
8.86	0.158998
8.88	0.158548
8.9	0.1581
8.92	0.157654
8.94	0.157209
8.96	0.156767
8.98	0.156326
9	0.155888
9.02	0.155451
9.04	0.155016
9.06	0.154583
9.08	0.154152
9.1	0.153723
9.12	0.153296
9.14	0.15287
9.16	0.152447
9.18	0.152025
9.2	0.151605
9.22	0.151187
9.24	0.150771
9.26	0.150357
9.28	0.149945
9.3	0.149534
9.32	0.149126
9.34	0.148719
9.36	0.148314
9.38	0.147911
9.4	0.14751
9.42	0.14711
9.44	0.146712
9.46	0.146317
9.48	0.145923
9.5	0.14553
9.52	0.14514
9.54	0.144751
9.56	0.144364
9.58	0.143979
9.6	0.143596
9.62	0.143215
9.64	0.142835
9.66	0.142457
9.68	0.142081
9.7	0.141706
9.72	0.141333
9.74	0.140962
9.76	0.140593
9.78	0.140225
9.8	0.139859
9.82	0.139495
9.84	0.139133
9.86	0.138772
9.88	0.138413
9.9	0.138055
9.92	0.137699
9.94	0.137345
9.96	0.136993
9.98	0.136642
10	0.136293
10.02	0.135945
10.04	0.135599
10.06	0.135255
10.08	0.134912
10.1	0.134571
10.12	0.134231
10.14	0.133893
10.16	0.133557
10.18	0.133222
10.2	0.132889
10.22	0.132557
10.24	0.132227
10.26	0.131898
10.28	0.131571
10.3	0.131245
10.32	0.130921
10.34	0.130599
10.36	0.130278
10.38	0.129958
10.4	0.12964
10.42	0.129323
10.44	0.129008
10.46	0.128694
10.48	0.128382
10.5	0.128071
10.52	0.127762
10.54	0.127454
10.56	0.127148
10.58	0.126842
10.6	0.126539
10.62	0.126236
10.64	0.125935
10.66	0.125636
10.68	0.125338
10.7	0.125041
10.72	0.124746
10.74	0.124451
10.76	0.124159
10.78	0.123867
10.8	0.123577
10.82	0.123289
10.84	0.123001
10.86	0.122715
10.88	0.12243
10.9	0.122147
10.92	0.121864
10.94	0.121583
10.96	0.121304
10.98	0.121025
11	0.120748
11.02	0.120472
11.04	0.120198
11.06	0.119924
11.08	0.119652
11.1	0.119381
11.12	0.119111
11.14	0.118843
11.16	0.118575
11.18	0.118309
11.2	0.118044
11.22	0.11778
11.24	0.117518
11.26	0.117256
11.28	0.116996
11.3	0.116737
11.32	0.116479
11.34	0.116222
11.36	0.115966
11.38	0.115711
11.4	0.115458
11.42	0.115205
11.44	0.114954
11.46	0.114704
11.48	0.114455
11.5	0.114207
11.52	0.11396
11.54	0.113714
11.56	0.113469
11.58	0.113226
11.6	0.112983
11.62	0.112741
11.64	0.112501
11.66	0.112261
11.68	0.112023
11.7	0.111785
11.72	0.111549
11.74	0.111313
11.76	0.111079
11.78	0.110845
11.8	0.110613
11.82	0.110382
11.84	0.110151
11.86	0.109922
11.88	0.109693
11.9	0.109465
11.92	0.109239
11.94	0.109013
11.96	0.108789
11.98	0.108565
12	0.108342
12.02	0.10812
12.04	0.107899
12.06	0.107679
12.08	0.10746
12.1	0.107242
12.12	0.107024
12.14	0.106808
12.16	0.106593
12.18	0.106378
12.2	0.106164
12.22	0.105951
12.24	0.105739
12.26	0.105528
12.28	0.105318
12.3	0.105109
12.32	0.1049
12.34	0.104692
12.36	0.104485
12.38	0.104279
12.4	0.104074
12.42	0.10387
12.44	0.103666
12.46	0.103464
12.48	0.103262
12.5	0.103061
12.52	0.10286
12.54	0.102661
12.56	0.102462
12.58	0.102264
12.6	0.102067
12.62	0.101871
12.64	0.101675
12.66	0.101481
12.68	0.101287
12.7	0.101093
12.72	0.100901
12.74	0.100709
12.76	0.100518
12.78	0.100328
12.8	0.100138
12.82	0.0999496
12.84	0.0997615
12.86	0.0995742
12.88	0.0993877
12.9	0.0992018
12.92	0.0990167
12.94	0.0988323
12.96	0.0986486
12.98	0.0984656
13	0.0982832
13.02	0.0981016
13.04	0.0979207
13.06	0.0977405
13.08	0.0975609
13.1	0.0973821
13.12	0.0972039
13.14	0.0970264
13.16	0.0968495
13.18	0.0966734
13.2	0.0964978
13.22	0.096323
13.24	0.0961488
13.26	0.0959752
13.28	0.0958023
13.3	0.0956301
13.32	0.0954584
13.34	0.0952874
13.36	0.0951171
13.38	0.0949474
13.4	0.0947783
13.42	0.0946098
13.44	0.0944419
13.46	0.0942747
13.48	0.0941081
13.5	0.093942
13.52	0.0937766
13.54	0.0936118
13.56	0.0934476
13.58	0.0932839
13.6	0.0931209
13.62	0.0929585
13.64	0.0927966
13.66	0.0926353
13.68	0.0924746
13.7	0.0923145
13.72	0.092155
13.74	0.091996
13.76	0.0918376
13.78	0.0916797
13.8	0.0915224
13.82	0.0913657
13.84	0.0912095
13.86	0.0910539
13.88	0.0908988
13.9	0.0907443
13.92	0.0905903
13.94	0.0904368
13.96	0.0902839
13.98	0.0901315
14	0.0899797
14.02	0.0898284
14.04	0.0896776
14.06	0.0895273
14.08	0.0893775
14.1	0.0892283
14.12	0.0890796
14.14	0.0889313
14.16	0.0887836
14.18	0.0886364
14.2	0.0884897
14.22	0.0883435
14.24	0.0881978
14.26	0.0880526
14.28	0.0879079
14.3	0.0877637
14.32	0.0876199
14.34	0.0874767
14.36	0.0873339
14.38	0.0871916
14.4	0.0870498
14.42	0.0869085
14.44	0.0867676
14.46	0.0866272
14.48	0.0864873
14.5	0.0863478
14.52	0.0862088
14.54	0.0860703
14.56	0.0859322
14.58	0.0857946
14.6	0.0856574
14.62	0.0855207
14.64	0.0853844
14.66	0.0852486
14.68	0.0851132
14.7	0.0849782
14.72	0.0848437
14.74	0.0847097
14.76	0.084576
14.78	0.0844428
14.8	0.0843101
14.82	0.0841777
14.84	0.0840458
14.86	0.0839143
14.88	0.0837832
14.9	0.0836526
14.92	0.0835223
14.94	0.0833925
14.96	0.0832631
14.98	0.0831341
15	0.0830055
15.02	0.0828774
15.04	0.0827496
15.06	0.0826222
15.08	0.0824953
15.1	0.0823687
15.12	0.0822425
15.14	0.0821167
15.16	0.0819914
15.18	0.0818664
15.2	0.0817418
15.22	0.0816176
15.24	0.0814937
15.26	0.0813703
15.28	0.0812472
15.3	0.0811245
15.32	0.0810022
15.34	0.0808803
15.36	0.0807587
15.38	0.0806376
15.4	0.0805168
15.42	0.0803963
15.44	0.0802762
15.46	0.0801565
15.48	0.0800372
15.5	0.0799182
15.52	0.0797996
15.54	0.0796813
15.56	0.0795634
15.58	0.0794458
15.6	0.0793286
15.62	0.0792118
15.64	0.0790953
15.66	0.0789792
15.68	0.0788633
15.7	0.0787479
15.72	0.0786328
15.74	0.078518
15.76	0.0784036
15.78	0.0782895
15.8	0.0781757
15.82	0.0780623
15.84	0.0779492
15.86	0.0778365
15.88	0.077724
15.9	0.0776119
15.92	0.0775002
15.94	0.0773887
15.96	0.0772776
15.98	0.0771668
16	0.0770563
16.02	0.0769462
16.04	0.0768364
16.06	0.0767268
16.08	0.0766176
16.1	0.0765088
16.12	0.0764002
16.14	0.0762919
16.16	0.076184
16.18	0.0760763
16.2	0.075969
16.22	0.075862
16.24	0.0757552
16.26	0.0756488
16.28	0.0755427
16.3	0.0754369
16.32	0.0753314
16.34	0.0752261
16.36	0.0751212
16.38	0.0750166
16.4	0.0749122
16.42	0.0748082
16.44	0.0747044
16.46	0.074601
16.48	0.0744978
16.5	0.0743949
16.52	0.0742923
16.54	0.07419
16.56	0.0740879
16.58	0.0739862
16.6	0.0738847
16.62	0.0737835
16.64	0.0736826
16.66	0.0735819
16.68	0.0734816
16.7	0.0733815
16.72	0.0732817
16.74	0.0731821
16.76	0.0730829
16.78	0.0729839
16.8	0.0728851
16.82	0.0727867
16.84	0.0726885
16.86	0.0725905
16.88	0.0724929
16.9	0.0723955
16.92	0.0722983
16.94	0.0722014
16.96	0.0721048
16.98	0.0720084
17	0.0719123
17.02	0.0718165
17.04	0.0717209
17.06	0.0716255
17.08	0.0715304
17.1	0.0714356
17.12	0.071341
17.14	0.0712467
17.16	0.0711526
17.18	0.0710587
17.2	0.0709652
17.22	0.0708718
17.24	0.0707787
17.26	0.0706858
17.28	0.0705932
17.3	0.0705008
17.32	0.0704087
17.34	0.0703168
17.36	0.0702252
17.38	0.0701337
17.4	0.0700426
17.42	0.0699516
17.44	0.0698609
17.46	0.0697704
17.48	0.0696802
17.5	0.0695902
17.52	0.0695004
17.54	0.0694108
17.56	0.0693215
17.58	0.0692324
17.6	0.0691435
17.62	0.0690549
17.64	0.0689665
17.66	0.0688783
17.68	0.0687903
17.7	0.0687025
17.72	0.068615
17.74	0.0685277
17.76	0.0684406
17.78	0.0683537
17.8	0.0682671
17.82	0.0681807
17.84	0.0680944
17.86	0.0680084
17.88	0.0679227
17.9	0.0678371
17.92	0.0677517
17.94	0.0676666
17.96	0.0675816
17.98	0.0674969
18	0.0674124
18.02	0.0673281
18.04	0.067244
18.06	0.0671601
18.08	0.0670764
18.1	0.0669929
18.12	0.0669096
18.14	0.0668266
18.16	0.0667437
18.18	0.066661
18.2	0.0665786
18.22	0.0664963
18.24	0.0664142
18.26	0.0663324
18.28	0.0662507
18.3	0.0661692
18.32	0.0660879
18.34	0.0660069
18.36	0.065926
18.38	0.0658453
18.4	0.0657648
18.42	0.0656845
18.44	0.0656044
18.46	0.0655245
18.48	0.0654447
18.5	0.0653652
18.52	0.0652858
18.54	0.0652067
18.56	0.0651277
18.58	0.0650489
18.6	0.0649703
18.62	0.0648919
18.64	0.0648137
18.66	0.0647356
18.68	0.0646578
18.7	0.0645801
18.72	0.0645026
18.74	0.0644253
18.76	0.0643482
18.78	0.0642712
18.8	0.0641944
18.82	0.0641178
18.84	0.0640414
18.86	0.0639652
18.88	0.0638891
18.9	0.0638132
18.92	0.0637375
18.94	0.063662
18.96	0.0635866
18.98	0.0635114
19	0.0634364
19.02	0.0633616
19.04	0.0632869
19.06	0.0632124
19.08	0.0631381
19.1	0.0630639
19.12	0.06299
19.14	0.0629161
19.16	0.0628425
19.18	0.062769
19.2	0.0626957
19.22	0.0626225
19.24	0.0625495
19.26	0.0624767
19.28	0.0624041
19.3	0.0623316
19.32	0.0622593
19.34	0.0621871
19.36	0.0621151
19.38	0.0620432
19.4	0.0619716
19.42	0.0619
19.44	0.0618287
19.46	0.0617575
19.48	0.0616864
19.5	0.0616156
19.52	0.0615448
19.54	0.0614743
19.56	0.0614038
19.58	0.0613336
19.6	0.0612635
19.62	0.0611935
19.64	0.0611237
19.66	0.0610541
19.68	0.0609846
19.7	0.0609153
19.72	0.0608461
19.74	0.0607771
19.76	0.0607082
19.78	0.0606395
19.8	0.0605709
19.82	0.0605024
19.84	0.0604342
19.86	0.060366
19.88	0.0602981
19.9	0.0602302
19.92	0.0601625
19.94	0.060095
19.96	0.0600276
19.98	0.0599603
20	0.0598932
