0
1e-05
2.05e-05
3.1525e-05
4.310125e-05
5.52563125e-05
6.801912813e-05
8.142008453e-05
9.549108876e-05
0.0001102656432
0.0001257789254
0.0001420678716
0.0001591712652
0.0001771298285
0.0001959863199
0.0002157856359
0.0002365749177
0.0002584036636
0.0002813238467
0.0003053900391
0.000330659541
0.0003571925181
0.000385052144
0.0004143047512
0.0004450199887
0.0004772709882
0.0005111345376
0.0005466912645
0.0005840258277
0.0006232271191
0.000664388475
0.0007076078988
0.0007529882937
0.0008006377084
0.0008506695938
0.0009032030735
0.0009583632272
0.001016281389
0.001077095458
0.001140950231
0.001207997742
0.00127839763
0.001352317511
0.001429933387
0.001511430056
0.001597001559
0.001686851637
0.001781194218
0.001880253929
0.001984266626
0.002093479957
0.002208153955
0.002328561653
0.002454989735
0.002587739222
0.002727126183
0.002873482492
0.003027156617
0.003188514448
0.00335794017
0.003535837179
0.003722629038
0.00391876049
0.004124698514
0.00434093344
0.004567980112
0.004806379117
0.005056698073
0.005319532977
0.005595509626
0.005885285107
0.006189549362
0.006509026831
0.006844478172
0.007196702081
0.007566537185
0.007954864044
0.008362607246
0.008790737608
0.009240274489
0.009712288213
0.01020790262
0.01072829776
0.01127471264
0.01184844828
0.01245087069
0.01308341422
0.01374758493
0.01444496418
0.01517721239
0.01594607301
0.01675337666
0.01760104549
0.01849109777
0.01942565266
0.02040693529
0.02143728205
0.02251914616
0.02365510346
0.02484785864
0.02610025157
0.02741526415
0.02879602736
0.03024582872
0.03176812016
0.03336652617
0.03504485248
0.0368070951
0.03865744985
0.04060032235
0.04264033846
0.04478235539
0.04703147316
0.04939304681
0.05187269916
0.05447633411
0.05721015082
0.06008065836
0.06309469128
0.06625942584
0.06958239713
0.07307151699
0.07673509284
0.08058184748
0.08462093986
0.08886198685
0.09331508619
0.0979908405
0.1029003825
0.1080554017
0.1134681717
0.1191515803
0.1251191593
0.1313851173
0.1379643732
0.1448725918
0.1521262214
0.1597425325
0.1677396591
0.1761366421
0.1849534742
0.1942111479
0.2039317053
0.2141382905
0.2248552051
0.2361079653
0.2479233636
0.2603295318
0.2733560084
0.2870338088
0.3013954992
0.3164752742
0.3323090379
0.3489344898
0.3663912143
0.384720775
0.4039668137
0.4241751544
0.4453939121
0.4676736077
0.4910672881
0.5156306525
0.5414221852
0.5685032944
0.5969384591
0.6267953821
0.6581451512
0.6910624088
0.7256255292
0.7619168057
0.8000226459
0.8400337782
0.8820454671
0.9261577405
0.9724756275
1.021109409
1.072174879
1.125793623
1.182093304
1.24120797
1.303278368
1.368452287
1.436884901
1.508739146
1.584186103
1.663405408
1.746585679
1.833924963
1.925631211
2.021922771
2.12302891
2.229190356
2.340659873
2.457702867
2.58059801
2.709637911
2.845129806
2.987396297
3.136776112
3.293624917
3.458316163
3.631241971
3.81281407
4.003464773
4.203648012
4.413840412
4.634542433
4.866279555
5.109603533
5.365093709
5.633358395
5.915036314
6.21079813
6.521348037
6.847425438
7.18980671
7.549307046
7.926782398
8.323131518
8.739298094
9.176272999
9.635096649
10.11686148
10.62271455
11.15386028
11.7115633
12.29715146
12.91201903
13.55762999
14.23552149
14.94730756
15.69468294
16.47942709
17.30340844
18.16858886
19.0770283
20.03088972
21.03244421
22.08407642
23.18829024
24.34771475
25.56511049
26.84337601
28.18555481
29.59484255
31.07459468
32.62833441
34.25976113
35.97275919
37.77140715
39.65998751
41.64299688
43.72515673
45.91142456
48.20700579
50
51.79299421
54.08857544
56.27484327
58.35700312
60.34001249
62.22859285
64.02724081
65.74023887
67.37166559
68.92540532
70.40515745
71.81444519
73.15662399
74.43488951
75.65228525
76.81170976
77.91592358
78.96755579
79.96911028
80.9229717
81.83141114
82.69659156
83.52057291
84.30531706
85.05269244
85.76447851
86.44237001
87.08798097
87.70284854
88.2884367
88.84613972
89.37728545
89.88313852
90.36490335
90.823727
91.26070191
91.67686848
92.0732176
92.45069295
92.81019329
93.15257456
93.47865196
93.78920187
94.08496369
94.36664161
94.63490629
94.89039647
95.13372045
95.36545757
95.58615959
95.79635199
95.99653523
96.18718593
96.36875803
96.54168384
96.70637508
96.86322389
97.0126037
97.15487019
97.29036209
97.41940199
97.54229713
97.65934013
97.77080964
97.87697109
97.97807723
98.07436879
98.16607504
98.25341432
98.33659459
98.4158139
98.49126085
98.5631151
98.63154771
98.69672163
98.75879203
98.8179067
98.87420638
98.92782512
98.97889059
99.02752437
99.07384226
99.11795453
99.15996622
99.19997735
99.23808319
99.27437447
99.30893759
99.34185485
99.37320462
99.40306154
99.43149671
99.45857781
99.48436935
99.50893271
99.53232639
99.55460609
99.57582485
99.59603319
99.61527923
99.63360879
99.65106551
99.66769096
99.68352473
99.6986045
99.71296619
99.72664399
99.73967047
99.75207664
99.76389203
99.77514479
99.78586171
99.79606829
99.80578885
99.81504653
99.82386336
99.83226034
99.84025747
99.84787378
99.85512741
99.86203563
99.86861488
99.87488084
99.88084842
99.88653183
99.8919446
99.89709962
99.90200916
99.90668491
99.91113801
99.91537906
99.91941815
99.92326491
99.92692848
99.9304176
99.93374057
99.93690531
99.93991934
99.94278985
99.94552367
99.9481273
99.95060695
99.95296853
99.95521764
99.95735966
99.95939968
99.96134255
99.9631929
99.96495515
99.96663347
99.96823188
99.96975417
99.97120397
99.97258474
99.97389975
99.97515214
99.9763449
99.97748085
99.97856272
99.97959306
99.98057435
99.9815089
99.98239895
99.98324662
99.98405393
99.98482279
99.98555504
99.98625242
99.98691659
99.98754913
99.98815155
99.98872529
99.9892717
99.9897921
99.99028771
99.99075973
99.99120926
99.99163739
99.99204514
99.99243346
99.9928033
99.99315552
99.99349097
99.99381045
99.99411471
99.99440449
99.99468047
99.9949433
99.99519362
99.99543202
99.99565907
99.9958753
99.99608124
99.99627737
99.99646416
99.99664206
99.99681149
99.99697284
99.99712652
99.99727287
99.99741226
99.99754501
99.99767144
99.99779185
99.99790652
99.99801573
99.99811975
99.99821881
99.99831315
99.998403
99.99848857
99.99857007
99.99864768
99.9987216
99.998792
99.99885905
99.9989229
99.99898372
99.99904164
99.9990968
99.99914933
99.99919936
99.99924701
99.99929239
99.99933561
99.99937677
99.99941597
99.99945331
99.99948887
99.99952273
99.99955498
99.9995857
99.99961495
99.99964281
99.99966934
99.99969461
99.99971868
99.9997416
99.99976343
99.99978421
99.99980401
99.99982287
99.99984083
99.99985793
99.99987422
99.99988973
99.99990451
99.99991858
99.99993198
99.99994474
99.9999569
99.99996848
99.9999795
99.99999
100
100.00001
100.0000205
100.0000315
100.0000431
100.0000553
100.000068
100.0000814
100.0000955
100.0001103
100.0001258
100.0001421
100.0001592
100.0001771
100.000196
100.0002158
100.0002366
100.0002584
100.0002813
100.0003054
100.0003307
100.0003572
100.0003851
100.0004143
100.000445
100.0004773
100.0005111
100.0005467
100.000584
100.0006232
100.0006644
100.0007076
100.000753
100.0008006
100.0008507
100.0009032
100.0009584
100.0010163
100.0010771
100.001141
100.001208
100.0012784
100.0013523
100.0014299
100.0015114
100.001597
100.0016869
100.0017812
100.0018803
100.0019843
100.0020935
100.0022082
100.0023286
100.002455
100.0025877
100.0027271
100.0028735
100.0030272
100.0031885
100.0033579
100.0035358
100.0037226
100.0039188
100.0041247
100.0043409
100.004568
100.0048064
100.0050567
100.0053195
100.0055955
100.0058853
100.0061895
100.006509
100.0068445
100.0071967
100.0075665
100.0079549
100.0083626
100.0087907
100.0092403
100.0097123
100.0102079
100.0107283
100.0112747
100.0118484
100.0124509
100.0130834
100.0137476
100.014445
100.0151772
100.0159461
100.0167534
100.017601
100.0184911
100.0194257
100.0204069
100.0214373
100.0225191
100.0236551
100.0248479
100.0261003
100.0274153
100.028796
100.0302458
100.0317681
100.0333665
100.0350449
100.0368071
100.0386574
100.0406003
100.0426403
100.0447824
100.0470315
100.049393
100.0518727
100.0544763
100.0572102
100.0600807
100.0630947
100.0662594
100.0695824
100.0730715
100.0767351
100.0805818
100.0846209
100.088862
100.0933151
100.0979908
100.1029004
100.1080554
100.1134682
100.1191516
100.1251192
100.1313851
100.1379644
100.1448726
100.1521262
100.1597425
100.1677397
100.1761366
100.1849535
100.1942111
100.2039317
100.2141383
100.2248552
100.236108
100.2479234
100.2603295
100.273356
100.2870338
100.3013955
100.3164753
100.332309
100.3489345
100.3663912
100.3847208
100.4039668
100.4241752
100.4453939
100.4676736
100.4910673
100.5156307
100.5414222
100.5685033
100.5969385
100.6267954
100.6581452
100.6910624
100.7256255
100.7619168
100.8000226
100.8400338
100.8820455
100.9261577
100.9724756
101.0211094
101.0721749
101.1257936
101.1820933
101.241208
101.3032784
101.3684523
101.4368849
101.5087391
101.5841861
101.6634054
101.7465857
101.833925
101.9256312
102.0219228
102.1230289
102.2291904
102.3406599
102.4577029
102.580598
102.7096379
102.8451298
102.9873963
103.1367761
103.2936249
103.4583162
103.631242
103.8128141
104.0034648
104.203648
104.4138404
104.6345424
104.8662796
105.1096035
105.3650937
105.6333584
105.9150363
106.2107981
106.521348
106.8474254
107.1898067
107.549307
107.9267824
108.3231315
108.7392981
109.176273
109.6350966
110.1168615
