19.98	-1.11983e-07
19.96	-7.19014e-08
19.94	-5.75673e-08
19.92	-5.01932e-08
19.9	-4.57101e-08
19.88	-4.27247e-08
19.86	-4.06275e-08
19.84	-3.91054e-08
19.82	-3.79818e-08
19.8	-3.71481e-08
19.78	-3.65308e-08
19.76	-3.60845e-08
19.74	-3.57714e-08
19.72	-3.55715e-08
19.7	-3.54616e-08
19.68	-3.54305e-08
19.66	-3.54661e-08
19.64	-3.55616e-08
19.62	-3.5707e-08
19.6	-3.5898e-08
19.58	-3.61333e-08
19.56	-3.64042e-08
19.54	-3.67084e-08
19.52	-3.70481e-08
19.5	-3.74167e-08
19.48	-3.7812e-08
19.46	-3.82361e-08
19.44	-3.86846e-08
19.42	-3.91598e-08
19.4	-3.96572e-08
19.38	-4.01768e-08
19.36	-4.07208e-08
19.34	-4.12848e-08
19.32	-4.18698e-08
19.3	-4.2476e-08
19.28	-4.31022e-08
19.26	-4.37483e-08
19.24	-4.44167e-08
19.22	-4.5105e-08
19.2	-4.58111e-08
19.18	-4.65394e-08
19.16	-4.72855e-08
19.14	-4.80505e-08
19.12	-4.88387e-08
19.1	-4.96458e-08
19.08	-5.0473e-08
19.06	-5.13201e-08
19.04	-5.21883e-08
19.02	-5.30731e-08
19	-5.39835e-08
18.98	-5.49127e-08
18.96	-5.58631e-08
18.94	-5.68345e-08
18.92	-5.78271e-08
18.9	-5.88407e-08
18.88	-5.98788e-08
18.86	-6.09357e-08
18.84	-6.20182e-08
18.82	-6.3124e-08
18.8	-6.42508e-08
18.78	-6.54021e-08
18.76	-6.65779e-08
18.74	-6.7778e-08
18.72	-6.90015e-08
18.7	-7.02505e-08
18.68	-7.15261e-08
18.66	-7.2824e-08
18.64	-7.41507e-08
18.62	-7.5504e-08
18.6	-7.68841e-08
18.58	-7.82918e-08
18.56	-7.97273e-08
18.54	-8.11884e-08
18.52	-8.26805e-08
18.5	-8.42026e-08
18.48	-8.57558e-08
18.46	-8.73368e-08
18.44	-8.89488e-08
18.42	-9.05898e-08
18.4	-9.22651e-08
18.38	-9.39726e-08
18.36	-9.57112e-08
18.34	-9.74865e-08
18.32	-9.92939e-08
18.3	-1.01135e-07
18.28	-1.03012e-07
18.26	-1.04924e-07
18.24	-1.06873e-07
18.22	-1.0886e-07
18.2	-1.10884e-07
18.18	-1.12944e-07
18.16	-1.15045e-07
18.14	-1.17186e-07
18.12	-1.19366e-07
18.1	-1.21586e-07
18.08	-1.2385e-07
18.06	-1.26154e-07
18.04	-1.28502e-07
18.02	-1.30894e-07
18	-1.3333e-07
17.98	-1.35812e-07
17.96	-1.3834e-07
17.94	-1.40915e-07
17.92	-1.43539e-07
17.9	-1.46207e-07
17.88	-1.48926e-07
17.86	-1.51699e-07
17.84	-1.54519e-07
17.82	-1.57392e-07
17.8	-1.60318e-07
17.78	-1.63297e-07
17.76	-1.66333e-07
17.74	-1.69423e-07
17.72	-1.7257e-07
17.7	-1.75772e-07
17.68	-1.79035e-07
17.66	-1.82356e-07
17.64	-1.85737e-07
17.62	-1.89181e-07
17.6	-1.92686e-07
17.58	-1.96256e-07
17.56	-1.9989e-07
17.54	-2.03589e-07
17.52	-2.07355e-07
17.5	-2.1119e-07
17.48	-2.15096e-07
17.46	-2.19068e-07
17.44	-2.23113e-07
17.42	-2.27232e-07
17.4	-2.31424e-07
17.38	-2.3569e-07
17.36	-2.40034e-07
17.34	-2.44453e-07
17.32	-2.48952e-07
17.3	-2.53533e-07
17.28	-2.58195e-07
17.26	-2.62939e-07
17.24	-2.67768e-07
17.22	-2.72683e-07
17.2	-2.77685e-07
17.18	-2.82775e-07
17.16	-2.87953e-07
17.14	-2.93225e-07
17.12	-2.98591e-07
17.1	-3.0405e-07
17.08	-3.09605e-07
17.06	-3.15257e-07
17.04	-3.2101e-07
17.02	-3.26862e-07
17	-3.32818e-07
16.98	-3.38877e-07
16.96	-3.45042e-07
16.94	-3.51317e-07
16.92	-3.57701e-07
16.9	-3.64193e-07
16.88	-3.70798e-07
16.86	-3.7752e-07
16.84	-3.84357e-07
16.82	-3.91316e-07
16.8	-3.9839e-07
16.78	-4.0559e-07
16.76	-4.12914e-07
16.74	-4.20363e-07
16.72	-4.2794e-07
16.7	-4.35647e-07
16.68	-4.43487e-07
16.66	-4.51462e-07
16.64	-4.59573e-07
16.62	-4.67824e-07
16.6	-4.76214e-07
16.58	-4.84749e-07
16.56	-4.93428e-07
16.54	-5.02255e-07
16.52	-5.11232e-07
16.5	-5.2036e-07
16.48	-5.29644e-07
16.46	-5.39084e-07
16.44	-5.48686e-07
16.42	-5.58447e-07
16.4	-5.68375e-07
16.38	-5.78467e-07
16.36	-5.88731e-07
16.34	-5.99168e-07
16.32	-6.0978e-07
16.3	-6.20566e-07
16.28	-6.31535e-07
16.26	-6.42687e-07
16.24	-6.54026e-07
16.22	-6.65552e-07
16.2	-6.77268e-07
16.18	-6.89181e-07
16.16	-7.01289e-07
16.14	-7.13601e-07
16.12	-7.26114e-07
16.1	-7.38832e-07
16.08	-7.51761e-07
16.06	-7.64905e-07
16.04	-7.78263e-07
16.02	-7.9184e-07
16	-8.05638e-07
15.98	-8.19663e-07
15.96	-8.33916e-07
15.94	-8.48405e-07
15.92	-8.63125e-07
15.9	-8.78086e-07
15.88	-8.93291e-07
15.86	-9.08742e-07
15.84	-9.24444e-07
15.82	-9.40397e-07
15.8	-9.56607e-07
15.78	-9.73082e-07
15.76	-9.89818e-07
15.74	-1.00682e-06
15.72	-1.0241e-06
15.7	-1.04166e-06
15.68	-1.0595e-06
15.66	-1.07762e-06
15.64	-1.09602e-06
15.62	-1.11473e-06
15.6	-1.13373e-06
15.58	-1.15303e-06
15.56	-1.17263e-06
15.54	-1.19255e-06
15.52	-1.21278e-06
15.5	-1.23333e-06
15.48	-1.2542e-06
15.46	-1.27539e-06
15.44	-1.29693e-06
15.42	-1.31879e-06
15.4	-1.341e-06
15.38	-1.36356e-06
15.36	-1.38647e-06
15.34	-1.40973e-06
15.32	-1.43336e-06
15.3	-1.45735e-06
15.28	-1.48171e-06
15.26	-1.50645e-06
15.24	-1.53157e-06
15.22	-1.55707e-06
15.2	-1.58297e-06
15.18	-1.60926e-06
15.16	-1.63596e-06
15.14	-1.66307e-06
15.12	-1.69059e-06
15.1	-1.71852e-06
15.08	-1.74689e-06
15.06	-1.77568e-06
15.04	-1.80491e-06
15.02	-1.83458e-06
15	-1.8647e-06
14.98	-1.89527e-06
14.96	-1.92631e-06
14.94	-1.95781e-06
14.92	-1.98978e-06
14.9	-2.02223e-06
14.88	-2.05517e-06
14.86	-2.0886e-06
14.84	-2.12252e-06
14.82	-2.15695e-06
14.8	-2.19189e-06
14.78	-2.22735e-06
14.76	-2.26333e-06
14.74	-2.29984e-06
14.72	-2.33689e-06
14.7	-2.37449e-06
14.68	-2.41264e-06
14.66	-2.45134e-06
14.64	-2.49062e-06
14.62	-2.53046e-06
14.6	-2.57089e-06
14.58	-2.6119e-06
14.56	-2.65352e-06
14.54	-2.69573e-06
14.52	-2.73855e-06
14.5	-2.782e-06
14.48	-2.82607e-06
14.46	-2.87077e-06
14.44	-2.91612e-06
14.42	-2.96211e-06
14.4	-3.00877e-06
14.38	-3.05609e-06
14.36	-3.10408e-06
14.34	-3.15276e-06
14.32	-3.20213e-06
14.3	-3.25221e-06
14.28	-3.30298e-06
14.26	-3.35448e-06
14.24	-3.4067e-06
14.22	-3.45966e-06
14.2	-3.51337e-06
14.18	-3.56782e-06
14.16	-3.62304e-06
14.14	-3.67903e-06
14.12	-3.7358e-06
14.1	-3.79337e-06
14.08	-3.85173e-06
14.06	-3.9109e-06
14.04	-3.97089e-06
14.02	-4.03171e-06
14	-4.09337e-06
13.98	-4.15588e-06
13.96	-4.21925e-06
13.94	-4.28349e-06
13.92	-4.3486e-06
13.9	-4.41461e-06
13.88	-4.48152e-06
13.86	-4.54934e-06
13.84	-4.61809e-06
13.82	-4.68776e-06
13.8	-4.75838e-06
13.78	-4.82995e-06
13.76	-4.90249e-06
13.74	-4.97601e-06
13.72	-5.05052e-06
13.7	-5.12602e-06
13.68	-5.20254e-06
13.66	-5.28009e-06
13.64	-5.35866e-06
13.62	-5.43829e-06
13.6	-5.51897e-06
13.58	-5.60073e-06
13.56	-5.68356e-06
13.54	-5.7675e-06
13.52	-5.85254e-06
13.5	-5.93871e-06
13.48	-6.026e-06
13.46	-6.11445e-06
13.44	-6.20405e-06
13.42	-6.29483e-06
13.4	-6.38679e-06
13.38	-6.47996e-06
13.36	-6.57433e-06
13.34	-6.66993e-06
13.32	-6.76678e-06
13.3	-6.86487e-06
13.28	-6.96424e-06
13.26	-7.06488e-06
13.24	-7.16683e-06
13.22	-7.27008e-06
13.2	-7.37466e-06
13.18	-7.48058e-06
13.16	-7.58786e-06
13.14	-7.6965e-06
13.12	-7.80653e-06
13.1	-7.91796e-06
13.08	-8.0308e-06
13.06	-8.14508e-06
13.04	-8.2608e-06
13.02	-8.37798e-06
13	-8.49664e-06
12.98	-8.6168e-06
12.96	-8.73847e-06
12.94	-8.86166e-06
12.92	-8.9864e-06
12.9	-9.1127e-06
12.88	-9.24058e-06
12.86	-9.37004e-06
12.84	-9.50113e-06
12.82	-9.63384e-06
12.8	-9.76819e-06
12.78	-9.90421e-06
12.76	-1.00419e-05
12.74	-1.01813e-05
12.72	-1.03224e-05
12.7	-1.04653e-05
12.68	-1.06099e-05
12.66	-1.07563e-05
12.64	-1.09045e-05
12.62	-1.10544e-05
12.6	-1.12063e-05
12.58	-1.13599e-05
12.56	-1.15155e-05
12.54	-1.16729e-05
12.52	-1.18322e-05
12.5	-1.19935e-05
12.48	-1.21567e-05
12.46	-1.23219e-05
12.44	-1.2489e-05
12.42	-1.26582e-05
12.4	-1.28294e-05
12.38	-1.30027e-05
12.36	-1.31781e-05
12.34	-1.33555e-05
12.32	-1.35351e-05
12.3	-1.37168e-05
12.28	-1.39006e-05
12.26	-1.40867e-05
12.24	-1.42749e-05
12.22	-1.44654e-05
12.2	-1.46582e-05
12.18	-1.48532e-05
12.16	-1.50505e-05
12.14	-1.52501e-05
12.12	-1.54521e-05
12.1	-1.56565e-05
12.08	-1.58633e-05
12.06	-1.60724e-05
12.04	-1.62841e-05
12.02	-1.64982e-05
12	-1.67148e-05
11.98	-1.69339e-05
11.96	-1.71556e-05
11.94	-1.73798e-05
11.92	-1.76067e-05
11.9	-1.78362e-05
11.88	-1.80683e-05
11.86	-1.83031e-05
11.84	-1.85406e-05
11.82	-1.87809e-05
11.8	-1.90239e-05
11.78	-1.92697e-05
11.76	-1.95184e-05
11.74	-1.97699e-05
11.72	-2.00242e-05
11.7	-2.02815e-05
11.68	-2.05417e-05
11.66	-2.08049e-05
11.64	-2.10711e-05
11.62	-2.13403e-05
11.6	-2.16126e-05
11.58	-2.18879e-05
11.56	-2.21664e-05
11.54	-2.2448e-05
11.52	-2.27328e-05
11.5	-2.30209e-05
11.48	-2.33121e-05
11.46	-2.36067e-05
11.44	-2.39046e-05
11.42	-2.42058e-05
11.4	-2.45104e-05
11.38	-2.48184e-05
11.36	-2.51299e-05
11.34	-2.54448e-05
11.32	-2.57633e-05
11.3	-2.60853e-05
11.28	-2.64109e-05
11.26	-2.67402e-05
11.24	-2.70731e-05
11.22	-2.74097e-05
11.2	-2.775e-05
11.18	-2.80941e-05
11.16	-2.8442e-05
11.14	-2.87938e-05
11.12	-2.91495e-05
11.1	-2.95091e-05
11.08	-2.98726e-05
11.06	-3.02402e-05
11.04	-3.06118e-05
11.02	-3.09875e-05
11	-3.13673e-05
10.98	-3.17513e-05
10.96	-3.21395e-05
10.94	-3.2532e-05
10.92	-3.29287e-05
10.9	-3.33298e-05
10.88	-3.37352e-05
10.86	-3.41451e-05
10.84	-3.45595e-05
10.82	-3.49784e-05
10.8	-3.54018e-05
10.78	-3.58298e-05
10.76	-3.62625e-05
10.74	-3.66999e-05
10.72	-3.7142e-05
10.7	-3.75889e-05
10.68	-3.80406e-05
10.66	-3.84973e-05
10.64	-3.89588e-05
10.62	-3.94254e-05
10.6	-3.98969e-05
10.58	-4.03736e-05
10.56	-4.08554e-05
10.54	-4.13424e-05
10.52	-4.18346e-05
10.5	-4.23321e-05
10.48	-4.28349e-05
10.46	-4.33431e-05
10.44	-4.38568e-05
10.42	-4.4376e-05
10.4	-4.49007e-05
10.38	-4.54311e-05
10.36	-4.59671e-05
10.34	-4.65088e-05
10.32	-4.70563e-05
10.3	-4.76097e-05
10.28	-4.81689e-05
10.26	-4.87341e-05
10.24	-4.93053e-05
10.22	-4.98826e-05
10.2	-5.0466e-05
10.18	-5.10556e-05
10.16	-5.16514e-05
10.14	-5.22536e-05
10.12	-5.28621e-05
10.1	-5.34771e-05
10.08	-5.40986e-05
10.06	-5.47267e-05
10.04	-5.53614e-05
10.02	-5.60028e-05
10	-5.6651e-05
9.98	-5.7306e-05
9.96	-5.79679e-05
9.94	-5.86368e-05
9.92	-5.93127e-05
9.9	-5.99957e-05
9.88	-6.0686e-05
9.86	-6.13834e-05
9.84	-6.20882e-05
9.82	-6.28004e-05
9.8	-6.35201e-05
9.78	-6.42473e-05
9.76	-6.49821e-05
9.74	-6.57246e-05
9.72	-6.64749e-05
9.7	-6.7233e-05
9.68	-6.79991e-05
9.66	-6.87732e-05
9.64	-6.95553e-05
9.62	-7.03456e-05
9.6	-7.11442e-05
9.58	-7.19511e-05
9.56	-7.27664e-05
9.54	-7.35902e-05
9.52	-7.44226e-05
9.5	-7.52636e-05
9.48	-7.61134e-05
9.46	-7.6972e-05
9.44	-7.78396e-05
9.42	-7.87161e-05
9.4	-7.96018e-05
9.38	-8.04967e-05
9.36	-8.14008e-05
9.34	-8.23143e-05
9.32	-8.32373e-05
9.3	-8.41699e-05
9.28	-8.51121e-05
9.26	-8.6064e-05
9.24	-8.70258e-05
9.22	-8.79976e-05
9.2	-8.89794e-05
9.18	-8.99714e-05
9.16	-9.09736e-05
9.14	-9.19861e-05
9.12	-9.30092e-05
9.1	-9.40427e-05
9.08	-9.5087e-05
9.06	-9.6142e-05
9.04	-9.72078e-05
9.02	-9.82847e-05
9	-9.93726e-05
8.98	-0.000100472
8.96	-0.000101582
8.94	-0.000102704
8.92	-0.000103838
8.9	-0.000104983
8.88	-0.00010614
8.86	-0.000107308
8.84	-0.000108489
8.82	-0.000109682
8.8	-0.000110887
8.78	-0.000112105
8.76	-0.000113335
8.74	-0.000114577
8.72	-0.000115833
8.7	-0.000117101
8.68	-0.000118382
8.66	-0.000119676
8.64	-0.000120984
8.62	-0.000122305
8.6	-0.00012364
8.58	-0.000124988
8.56	-0.00012635
8.54	-0.000127726
8.52	-0.000129116
8.5	-0.00013052
8.48	-0.000131938
8.46	-0.000133371
8.44	-0.000134819
8.42	-0.000136282
8.4	-0.000137759
8.38	-0.000139251
8.36	-0.000140759
8.34	-0.000142282
8.32	-0.000143821
8.3	-0.000145375
8.28	-0.000146945
8.26	-0.000148532
8.24	-0.000150134
8.22	-0.000151753
8.2	-0.000153388
8.18	-0.00015504
8.16	-0.000156708
8.14	-0.000158394
8.12	-0.000160097
8.1	-0.000161817
8.08	-0.000163555
8.06	-0.00016531
8.04	-0.000167083
8.02	-0.000168874
8	-0.000170684
7.98	-0.000172512
7.96	-0.000174358
7.94	-0.000176223
7.92	-0.000178107
7.9	-0.000180011
7.88	-0.000181933
7.86	-0.000183875
7.84	-0.000185837
7.82	-0.000187819
7.8	-0.000189821
7.78	-0.000191843
7.76	-0.000193886
7.74	-0.000195949
7.72	-0.000198033
7.7	-0.000200139
7.68	-0.000202266
7.66	-0.000204414
7.64	-0.000206585
7.62	-0.000208777
7.6	-0.000210991
7.58	-0.000213228
7.56	-0.000215488
7.54	-0.00021777
7.52	-0.000220076
7.5	-0.000222405
7.48	-0.000224757
7.46	-0.000227133
7.44	-0.000229534
7.42	-0.000231959
7.4	-0.000234408
7.38	-0.000236882
7.36	-0.000239381
7.34	-0.000241905
7.32	-0.000244455
7.3	-0.000247031
7.28	-0.000249633
7.26	-0.000252261
7.24	-0.000254916
7.22	-0.000257597
7.2	-0.000260306
7.18	-0.000263042
7.16	-0.000265805
7.14	-0.000268597
7.12	-0.000271417
7.1	-0.000274265
7.08	-0.000277142
7.06	-0.000280049
7.04	-0.000282984
7.02	-0.000285949
7	-0.000288945
6.98	-0.00029197
6.96	-0.000295026
6.94	-0.000298113
6.92	-0.000301231
6.9	-0.000304381
6.88	-0.000307562
6.86	-0.000310775
6.84	-0.000314021
6.82	-0.0003173
6.8	-0.000320612
6.78	-0.000323957
6.76	-0.000327336
6.74	-0.000330749
6.72	-0.000334197
6.7	-0.000337679
6.68	-0.000341196
6.66	-0.000344749
6.64	-0.000348338
6.62	-0.000351963
6.6	-0.000355625
6.58	-0.000359323
6.56	-0.000363059
6.54	-0.000366832
6.52	-0.000370644
6.5	-0.000374494
6.48	-0.000378383
6.46	-0.000382311
6.44	-0.000386278
6.42	-0.000390286
6.4	-0.000394334
6.38	-0.000398423
6.36	-0.000402553
6.34	-0.000406724
6.32	-0.000410938
6.3	-0.000415194
6.28	-0.000419493
6.26	-0.000423836
6.24	-0.000428222
6.22	-0.000432652
6.2	-0.000437127
6.18	-0.000441647
6.16	-0.000446213
6.14	-0.000450825
6.12	-0.000455483
6.1	-0.000460188
6.08	-0.00046494
6.06	-0.000469741
6.04	-0.000474589
6.02	-0.000479487
6	-0.000484433
5.98	-0.00048943
5.96	-0.000494477
5.94	-0.000499575
5.92	-0.000504724
5.9	-0.000509925
5.88	-0.000515178
5.86	-0.000520484
5.84	-0.000525844
5.82	-0.000531258
5.8	-0.000536726
5.78	-0.000542249
5.76	-0.000547828
5.74	-0.000553463
5.72	-0.000559154
5.7	-0.000564903
5.68	-0.00057071
5.66	-0.000576576
5.64	-0.0005825
5.62	-0.000588484
5.6	-0.000594528
5.58	-0.000600633
5.56	-0.0006068
5.54	-0.000613028
5.52	-0.000619319
5.5	-0.000625674
5.48	-0.000632092
5.46	-0.000638575
5.44	-0.000645124
5.42	-0.000651738
5.4	-0.000658419
5.38	-0.000665166
5.36	-0.000671982
5.34	-0.000678867
5.32	-0.00068582
5.3	-0.000692844
5.28	-0.000699938
5.26	-0.000707104
5.24	-0.000714342
5.22	-0.000721652
5.2	-0.000729037
5.18	-0.000736495
5.16	-0.000744028
5.14	-0.000751638
5.12	-0.000759323
5.1	-0.000767086
5.08	-0.000774928
5.06	-0.000782848
5.04	-0.000790847
5.02	-0.000798927
5	-0.000807089
4.98	-0.000815332
4.96	-0.000823659
4.94	-0.000832069
4.92	-0.000840563
4.9	-0.000849144
4.88	-0.00085781
4.86	-0.000866564
4.84	-0.000875405
4.82	-0.000884336
4.8	-0.000893356
4.78	-0.000902467
4.76	-0.00091167
4.74	-0.000920965
4.72	-0.000930353
4.7	-0.000939836
4.68	-0.000949415
4.66	-0.000959089
4.64	-0.000968861
4.62	-0.000978732
4.6	-0.000988701
4.58	-0.000998771
4.56	-0.00100894
4.54	-0.00101921
4.52	-0.00102959
4.5	-0.00104007
4.48	-0.00105066
4.46	-0.00106135
4.44	-0.00107215
4.42	-0.00108306
4.4	-0.00109408
4.38	-0.00110521
4.36	-0.00111645
4.34	-0.0011278
4.32	-0.00113927
4.3	-0.00115085
4.28	-0.00116255
4.26	-0.00117437
4.24	-0.00118631
4.22	-0.00119836
4.2	-0.00121054
4.18	-0.00122284
4.16	-0.00123526
4.14	-0.00124781
4.12	-0.00126049
4.1	-0.00127329
4.08	-0.00128622
4.06	-0.00129928
4.04	-0.00131247
4.02	-0.00132579
4	-0.00133925
3.98	-0.00135285
3.96	-0.00136658
3.94	-0.00138044
3.92	-0.00139445
3.9	-0.0014086
3.88	-0.00142289
3.86	-0.00143732
3.84	-0.0014519
3.82	-0.00146663
3.8	-0.0014815
3.78	-0.00149652
3.76	-0.0015117
3.74	-0.00152702
3.72	-0.0015425
3.7	-0.00155814
3.68	-0.00157393
3.66	-0.00158989
3.64	-0.001606
3.62	-0.00162227
3.6	-0.00163871
3.58	-0.00165531
3.56	-0.00167208
3.54	-0.00168902
3.52	-0.00170613
3.5	-0.00172341
3.48	-0.00174086
3.46	-0.00175849
3.44	-0.0017763
3.42	-0.00179428
3.4	-0.00181245
3.38	-0.0018308
3.36	-0.00184933
3.34	-0.00186805
3.32	-0.00188695
3.3	-0.00190605
3.28	-0.00192534
3.26	-0.00194482
3.24	-0.0019645
3.22	-0.00198438
3.2	-0.00200445
3.18	-0.00202473
3.16	-0.00204521
3.14	-0.0020659
3.12	-0.00208679
3.1	-0.0021079
3.08	-0.00212921
3.06	-0.00215074
3.04	-0.00217249
3.02	-0.00219446
3	-0.00221664
2.98	-0.00223905
2.96	-0.00226169
2.94	-0.00228455
2.92	-0.00230764
2.9	-0.00233096
2.88	-0.00235452
2.86	-0.00237831
2.84	-0.00240234
2.82	-0.00242662
2.8	-0.00245114
2.78	-0.0024759
2.76	-0.00250092
2.74	-0.00252618
2.72	-0.0025517
2.7	-0.00257747
2.68	-0.00260351
2.66	-0.0026298
2.64	-0.00265636
2.62	-0.00268318
2.6	-0.00271028
2.58	-0.00273765
2.56	-0.00276529
2.54	-0.00279321
2.52	-0.00282141
2.5	-0.00284989
2.48	-0.00287866
2.46	-0.00290772
2.44	-0.00293707
2.42	-0.00296671
2.4	-0.00299666
2.38	-0.0030269
2.36	-0.00305745
2.34	-0.0030883
2.32	-0.00311947
2.3	-0.00315094
2.28	-0.00318273
2.26	-0.00321485
2.24	-0.00324728
2.22	-0.00328004
2.2	-0.00331313
2.18	-0.00334655
2.16	-0.00338031
2.14	-0.0034144
2.12	-0.00344884
2.1	-0.00348363
2.08	-0.00351876
2.06	-0.00355424
2.04	-0.00359009
2.02	-0.00362629
2	-0.00366286
1.98	-0.00369979
1.96	-0.00373709
1.94	-0.00377477
1.92	-0.00381283
1.9	-0.00385126
1.88	-0.00389009
1.86	-0.0039293
1.84	-0.00396891
1.82	-0.00400892
1.8	-0.00404932
1.78	-0.00409014
1.76	-0.00413136
1.74	-0.00417299
1.72	-0.00421505
1.7	-0.00425753
1.68	-0.00430043
1.66	-0.00434376
1.64	-0.00438753
1.62	-0.00443174
1.6	-0.00447639
1.58	-0.00452149
1.56	-0.00456704
1.54	-0.00461305
1.52	-0.00465952
1.5	-0.00470646
1.48	-0.00475387
1.46	-0.00480176
1.44	-0.00485012
1.42	-0.00489897
1.4	-0.00494831
1.38	-0.00499815
1.36	-0.00504849
1.34	-0.00509933
1.32	-0.00515068
1.3	-0.00520255
1.28	-0.00525494
1.26	-0.00530785
1.24	-0.00536129
1.22	-0.00541527
1.2	-0.0054698
1.18	-0.00552487
1.16	-0.00558049
1.14	-0.00563667
1.12	-0.00569341
1.1	-0.00575073
1.08	-0.00580862
1.06	-0.00586709
1.04	-0.00592614
1.02	-0.00598579
1	-0.00604604
0.98	-0.00610689
0.96	-0.00616835
0.94	-0.00623043
0.92	-0.00629313
0.9	-0.00635646
0.88	-0.00642043
0.86	-0.00648504
0.84	-0.00655029
0.82	-0.0066162
0.8	-0.00668278
0.78	-0.00675001
0.76	-0.00681793
0.74	-0.00688652
0.72	-0.00695581
0.7	-0.00702579
0.68	-0.00709647
0.66	-0.00716785
0.64	-0.00723996
0.62	-0.00731279
0.6	-0.00738635
0.58	-0.00746064
0.56	-0.00753568
0.54	-0.00761148
0.52	-0.00768803
0.5	-0.00776535
0.48	-0.00784345
0.46	-0.00792233
0.44	-0.008002
0.42	-0.00808247
0.4	-0.00816375
0.38	-0.00824584
0.36	-0.00832876
0.34	-0.0084125
0.32	-0.00849709
0.3	-0.00858252
0.28	-0.00866881
0.26	-0.00875597
0.24	-0.008844
0.22	-0.00893291
0.2	-0.00902271
0.18	-0.00911342
0.16	-0.00920503
0.14	-0.00929756
0.12	-0.00939102
0.1	-0.00948542
0.08	-0.00958076
0.06	-0.00967705
0.04	-0.00977432
0.02	-0.00987255
3.37778e-13	-0.00997177
-0.02	-0.010072
-0.04	-0.0101732
-0.06	-0.0102754
-0.08	-0.0103787
-0.1	-0.010483
-0.12	-0.0105883
-0.14	-0.0106947
-0.16	-0.0108022
-0.18	-0.0109107
-0.2	-0.0110204
-0.22	-0.0111311
-0.24	-0.0112429
-0.26	-0.0113559
-0.28	-0.0114699
-0.3	-0.0115852
-0.32	-0.0117015
-0.34	-0.0118191
-0.36	-0.0119378
-0.38	-0.0120577
-0.4	-0.0121788
-0.42	-0.0123012
-0.44	-0.0124247
-0.46	-0.0125495
-0.48	-0.0126756
-0.5	-0.0128029
-0.52	-0.0129314
-0.54	-0.0130613
-0.56	-0.0131925
-0.58	-0.0133249
-0.6	-0.0134587
-0.62	-0.0135939
-0.64	-0.0137304
-0.66	-0.0138682
-0.68	-0.0140075
-0.7	-0.0141481
-0.72	-0.0142902
-0.74	-0.0144336
-0.76	-0.0145785
-0.78	-0.0147249
-0.8	-0.0148727
-0.82	-0.015022
-0.84	-0.0151728
-0.86	-0.0153251
-0.88	-0.0154789
-0.9	-0.0156343
-0.92	-0.0157912
-0.94	-0.0159497
-0.96	-0.0161097
-0.98	-0.0162714
-1	-0.0164347
-1.02	-0.0165996
-1.04	-0.0167662
-1.06	-0.0169344
-1.08	-0.0171044
-1.1	-0.017276
-1.12	-0.0174493
-1.14	-0.0176244
-1.16	-0.0178012
-1.18	-0.0179798
-1.2	-0.0181602
-1.22	-0.0183423
-1.24	-0.0185263
-1.26	-0.0187122
-1.28	-0.0188999
-1.3	-0.0190895
-1.32	-0.0192809
-1.34	-0.0194743
-1.36	-0.0196696
-1.38	-0.0198669
-1.4	-0.0200661
-1.42	-0.0202674
-1.44	-0.0204706
-1.46	-0.0206759
-1.48	-0.0208832
-1.5	-0.0210926
-1.52	-0.0213041
-1.54	-0.0215177
-1.56	-0.0217334
-1.58	-0.0219513
-1.6	-0.0221713
-1.62	-0.0223936
-1.64	-0.0226181
-1.66	-0.0228448
-1.68	-0.0230738
-1.7	-0.023305
-1.72	-0.0235386
-1.74	-0.0237745
-1.76	-0.0240128
-1.78	-0.0242534
-1.8	-0.0244965
-1.82	-0.0247419
-1.84	-0.0249899
-1.86	-0.0252402
-1.88	-0.0254931
-1.9	-0.0257486
-1.92	-0.0260065
-1.94	-0.026267
-1.96	-0.0265302
-1.98	-0.0267959
-2	-0.0270644
-2.02	-0.0273354
-2.04	-0.0276092
-2.06	-0.0278857
-2.08	-0.028165
-2.1	-0.0284471
-2.12	-0.0287319
-2.14	-0.0290197
-2.16	-0.0293102
-2.18	-0.0296037
-2.2	-0.0299001
-2.22	-0.0301995
-2.24	-0.0305018
-2.26	-0.0308071
-2.28	-0.0311155
-2.3	-0.031427
-2.32	-0.0317416
-2.34	-0.0320592
-2.36	-0.0323801
-2.38	-0.0327042
-2.4	-0.0330314
-2.42	-0.033362
-2.44	-0.0336958
-2.46	-0.034033
-2.48	-0.0343735
-2.5	-0.0347174
-2.52	-0.0350647
-2.54	-0.0354154
-2.56	-0.0357697
-2.58	-0.0361275
-2.6	-0.0364888
-2.62	-0.0368538
-2.64	-0.0372223
-2.66	-0.0375946
-2.68	-0.0379705
-2.7	-0.0383502
-2.72	-0.0387336
-2.74	-0.0391209
-2.76	-0.039512
-2.78	-0.0399069
-2.8	-0.0403059
-2.82	-0.0407087
-2.84	-0.0411156
-2.86	-0.0415265
-2.88	-0.0419415
-2.9	-0.0423606
-2.92	-0.0427839
-2.94	-0.0432114
-2.96	-0.0436431
-2.98	-0.0440791
-3	-0.0445195
-3.02	-0.0449642
-3.04	-0.0454133
-3.06	-0.0458669
-3.08	-0.0463249
-3.1	-0.0467876
-3.12	-0.0472548
-3.14	-0.0477266
-3.16	-0.0482031
-3.18	-0.0486843
-3.2	-0.0491703
-3.22	-0.0496611
-3.24	-0.0501568
-3.26	-0.0506574
-3.28	-0.051163
-3.3	-0.0516735
-3.32	-0.0521891
-3.34	-0.0527098
-3.36	-0.0532357
-3.38	-0.0537668
-3.4	-0.0543031
-3.42	-0.0548447
-3.44	-0.0553917
-3.46	-0.0559441
-3.48	-0.056502
-3.5	-0.0570653
-3.52	-0.0576343
-3.54	-0.0582089
-3.56	-0.0587891
-3.58	-0.0593751
-3.6	-0.0599669
-3.62	-0.0605645
-3.64	-0.061168
-3.66	-0.0617775
-3.68	-0.062393
-3.7	-0.0630145
-3.72	-0.0636422
-3.74	-0.0642761
-3.76	-0.0649163
-3.78	-0.0655627
-3.8	-0.0662156
-3.82	-0.0668748
-3.84	-0.0675406
-3.86	-0.0682129
-3.88	-0.0688919
-3.9	-0.0695775
-3.92	-0.0702699
-3.94	-0.0709691
-3.96	-0.0716752
-3.98	-0.0723883
-4	-0.0731083
-4.02	-0.0738355
-4.04	-0.0745698
-4.06	-0.0753113
-4.08	-0.0760601
-4.1	-0.0768163
-4.12	-0.0775799
-4.14	-0.078351
-4.16	-0.0791297
-4.18	-0.079916
-4.2	-0.0807101
-4.22	-0.0815119
-4.24	-0.0823217
-4.26	-0.0831393
-4.28	-0.083965
-4.3	-0.0847988
-4.32	-0.0856407
-4.34	-0.086491
-4.36	-0.0873495
-4.38	-0.0882165
-4.4	-0.0890919
-4.42	-0.0899759
-4.44	-0.0908686
-4.46	-0.09177
-4.48	-0.0926802
-4.5	-0.0935993
-4.52	-0.0945275
-4.54	-0.0954647
-4.56	-0.096411
-4.58	-0.0973666
-4.6	-0.0983315
-4.62	-0.0993059
-4.64	-0.10029
-4.66	-0.101283
-4.68	-0.102286
-4.7	-0.103299
-4.72	-0.104322
-4.74	-0.105355
-4.76	-0.106398
-4.78	-0.107451
-4.8	-0.108514
-4.82	-0.109588
-4.84	-0.110672
-4.86	-0.111766
-4.88	-0.112872
-4.9	-0.113988
-4.92	-0.115114
-4.94	-0.116252
-4.96	-0.117401
-4.98	-0.118561
-5	-0.119732
-5.02	-0.120915
-5.04	-0.122109
-5.06	-0.123315
-5.08	-0.124532
-5.1	-0.125761
-5.12	-0.127002
-5.14	-0.128255
-5.16	-0.129521
-5.18	-0.130798
-5.2	-0.132088
-5.22	-0.13339
-5.24	-0.134705
-5.26	-0.136032
-5.28	-0.137373
-5.3	-0.138726
-5.32	-0.140092
-5.34	-0.141472
-5.36	-0.142865
-5.38	-0.144271
-5.4	-0.145691
-5.42	-0.147124
-5.44	-0.148571
-5.46	-0.150032
-5.48	-0.151508
-5.5	-0.152997
-5.52	-0.154501
-5.54	-0.156019
-5.56	-0.157551
-5.58	-0.159099
-5.6	-0.160661
-5.62	-0.162238
-5.64	-0.16383
-5.66	-0.165438
-5.68	-0.167061
-5.7	-0.168699
-5.72	-0.170353
-5.74	-0.172023
-5.76	-0.173709
-5.78	-0.175411
-5.8	-0.177129
-5.82	-0.178863
-5.84	-0.180614
-5.86	-0.182382
-5.88	-0.184166
-5.9	-0.185968
-5.92	-0.187786
-5.94	-0.189622
-5.96	-0.191475
-5.98	-0.193346
-6	-0.195235
-6.02	-0.197141
-6.04	-0.199066
-6.06	-0.201009
-6.08	-0.20297
-6.1	-0.20495
-6.12	-0.206948
-6.14	-0.208965
-6.16	-0.211002
-6.18	-0.213057
-6.2	-0.215132
-6.22	-0.217226
-6.24	-0.21934
-6.26	-0.221474
-6.28	-0.223628
-6.3	-0.225803
-6.32	-0.227997
-6.34	-0.230213
-6.36	-0.232449
-6.38	-0.234706
-6.4	-0.236984
-6.42	-0.239283
-6.44	-0.241604
-6.46	-0.243947
-6.48	-0.246311
-6.5	-0.248697
-6.52	-0.251106
-6.54	-0.253537
-6.56	-0.255991
-6.58	-0.258467
-6.6	-0.260967
-6.62	-0.26349
-6.64	-0.266036
-6.66	-0.268605
-6.68	-0.271199
-6.7	-0.273816
-6.72	-0.276458
-6.74	-0.279124
-6.76	-0.281814
-6.78	-0.28453
-6.8	-0.28727
-6.82	-0.290035
-6.84	-0.292826
-6.86	-0.295643
-6.88	-0.298485
-6.9	-0.301354
-6.92	-0.304248
-6.94	-0.30717
-6.96	-0.310117
-6.98	-0.313092
-7	-0.316094
-7.02	-0.319123
-7.04	-0.32218
-7.06	-0.325265
-7.08	-0.328377
-7.1	-0.331518
-7.12	-0.334687
-7.14	-0.337885
-7.16	-0.341112
-7.18	-0.344368
-7.2	-0.347653
-7.22	-0.350968
-7.24	-0.354313
-7.26	-0.357688
-7.28	-0.361093
-7.3	-0.364528
-7.32	-0.367995
-7.34	-0.371492
-7.36	-0.375021
-7.38	-0.378581
-7.4	-0.382173
-7.42	-0.385797
-7.44	-0.389453
-7.46	-0.393141
-7.48	-0.396862
-7.5	-0.400617
-7.52	-0.404404
-7.54	-0.408225
-7.56	-0.412079
-7.58	-0.415968
-7.6	-0.41989
-7.62	-0.423847
-7.64	-0.427839
-7.66	-0.431866
-7.68	-0.435928
-7.7	-0.440025
-7.72	-0.444158
-7.74	-0.448327
-7.76	-0.452532
-7.78	-0.456774
-7.8	-0.461052
-7.82	-0.465368
-7.84	-0.46972
-7.86	-0.474111
-7.88	-0.478539
-7.9	-0.483005
-7.92	-0.487509
-7.94	-0.492052
-7.96	-0.496634
-7.98	-0.501255
-8	-0.505915
-8.02	-0.510615
-8.04	-0.515354
-8.06	-0.520134
-8.08	-0.524954
-8.1	-0.529815
-8.12	-0.534717
-8.14	-0.53966
-8.16	-0.544645
-8.18	-0.549671
-8.2	-0.55474
-8.22	-0.55985
-8.24	-0.565003
-8.26	-0.570199
-8.28	-0.575438
-8.3	-0.58072
-8.32	-0.586046
-8.34	-0.591416
-8.36	-0.59683
-8.38	-0.602288
-8.4	-0.607791
-8.42	-0.613339
-8.44	-0.618932
-8.46	-0.624571
-8.48	-0.630255
-8.5	-0.635985
-8.52	-0.641762
-8.54	-0.647585
-8.56	-0.653454
-8.58	-0.659371
-8.6	-0.665335
-8.62	-0.671346
-8.64	-0.677405
-8.66	-0.683513
-8.68	-0.689668
-8.7	-0.695872
-8.72	-0.702125
-8.74	-0.708427
-8.76	-0.714778
-8.78	-0.721178
-8.8	-0.727628
-8.82	-0.734129
-8.84	-0.740679
-8.86	-0.74728
-8.88	-0.753932
-8.9	-0.760635
-8.92	-0.767389
-8.94	-0.774194
-8.96	-0.781051
-8.98	-0.787959
-9	-0.79492
-9.02	-0.801933
-9.04	-0.808999
-9.06	-0.816117
-9.08	-0.823288
-9.1	-0.830513
-9.12	-0.83779
-9.14	-0.845122
-9.16	-0.852507
-9.18	-0.859946
-9.2	-0.867439
-9.22	-0.874986
-9.24	-0.882588
-9.26	-0.890245
-9.28	-0.897956
-9.3	-0.905722
-9.32	-0.913544
-9.34	-0.921421
-9.36	-0.929354
-9.38	-0.937342
-9.4	-0.945386
-9.42	-0.953487
-9.44	-0.961643
-9.46	-0.969855
-9.48	-0.978124
-9.5	-0.98645
-9.52	-0.994832
-9.54	-1.00327
-9.56	-1.01177
-9.58	-1.02032
-9.6	-1.02893
-9.62	-1.0376
-9.64	-1.04632
-9.66	-1.0551
-9.68	-1.06394
-9.7	-1.07284
-9.72	-1.08179
-9.74	-1.0908
-9.76	-1.09987
-9.78	-1.109
-9.8	-1.11818
-9.82	-1.12743
-9.84	-1.13673
-9.86	-1.14609
-9.88	-1.1555
-9.9	-1.16498
-9.92	-1.17451
-9.94	-1.1841
-9.96	-1.19374
-9.98	-1.20345
-10	-1.21321
-10.02	-1.22303
-10.04	-1.23291
-10.06	-1.24285
-10.08	-1.25284
-10.1	-1.26289
-10.12	-1.273
-10.14	-1.28316
-10.16	-1.29338
-10.18	-1.30366
-10.2	-1.31399
-10.22	-1.32439
-10.24	-1.33483
-10.26	-1.34534
-10.28	-1.3559
-10.3	-1.36652
-10.32	-1.37719
-10.34	-1.38791
-10.36	-1.3987
-10.38	-1.40954
-10.4	-1.42043
-10.42	-1.43138
-10.44	-1.44238
-10.46	-1.45343
-10.48	-1.46454
-10.5	-1.4757
-10.52	-1.48692
-10.54	-1.49819
-10.56	-1.50951
-10.58	-1.52088
-10.6	-1.53231
-10.62	-1.54378
-10.64	-1.55531
-10.66	-1.56688
-10.68	-1.57851
-10.7	-1.59019
-10.72	-1.60191
-10.74	-1.61369
-10.76	-1.62551
-10.78	-1.63738
-10.8	-1.6493
-10.82	-1.66126
-10.84	-1.67328
-10.86	-1.68533
-10.88	-1.69743
-10.9	-1.70958
-10.92	-1.72177
-10.94	-1.734
-10.96	-1.74628
-10.98	-1.75859
-11	-1.77095
-11.02	-1.78335
-11.04	-1.79579
-11.06	-1.80827
-11.08	-1.82079
-11.1	-1.83334
-11.12	-1.84594
-11.14	-1.85856
-11.16	-1.87123
-11.18	-1.88393
-11.2	-1.89666
-11.22	-1.90943
-11.24	-1.92222
-11.26	-1.93505
-11.28	-1.94791
-11.3	-1.9608
-11.32	-1.97372
-11.34	-1.98667
-11.36	-1.99964
-11.38	-2.01264
-11.4	-2.02566
-11.42	-2.03871
-11.44	-2.05178
-11.46	-2.06487
-11.48	-2.07798
-11.5	-2.09111
-11.52	-2.10426
-11.54	-2.11743
-11.56	-2.13062
-11.58	-2.14382
-11.6	-2.15703
-11.62	-2.17026
-11.64	-2.1835
-11.66	-2.19675
-11.68	-2.21001
-11.7	-2.22327
-11.72	-2.23655
-11.74	-2.24983
-11.76	-2.26311
-11.78	-2.2764
-11.8	-2.28969
-11.82	-2.30298
-11.84	-2.31627
-11.86	-2.32956
-11.88	-2.34284
-11.9	-2.35612
-11.92	-2.36939
-11.94	-2.38266
-11.96	-2.39592
-11.98	-2.40916
-12	-2.4224
-12.02	-2.43562
-12.04	-2.44882
-12.06	-2.46202
-12.08	-2.47519
-12.1	-2.48834
-12.12	-2.50148
-12.14	-2.51459
-12.16	-2.52767
-12.18	-2.54074
-12.2	-2.55377
-12.22	-2.56678
-12.24	-2.57976
-12.26	-2.59271
-12.28	-2.60562
-12.3	-2.6185
-12.32	-2.63134
-12.34	-2.64415
-12.36	-2.65692
-12.38	-2.66964
-12.4	-2.68233
-12.42	-2.69497
-12.44	-2.70756
-12.46	-2.72011
-12.48	-2.73261
-12.5	-2.74505
-12.52	-2.75745
-12.54	-2.76979
-12.56	-2.78208
-12.58	-2.79431
-12.6	-2.80648
-12.62	-2.81859
-12.64	-2.83064
-12.66	-2.84262
-12.68	-2.85454
-12.7	-2.8664
-12.72	-2.87818
-12.74	-2.8899
-12.76	-2.90154
-12.78	-2.91311
-12.8	-2.92461
-12.82	-2.93603
-12.84	-2.94737
-12.86	-2.95863
-12.88	-2.96982
-12.9	-2.98092
-12.92	-2.99193
-12.94	-3.00286
-12.96	-3.0137
-12.98	-3.02446
-13	-3.03512
-13.02	-3.04569
-13.04	-3.05617
-13.06	-3.06655
-13.08	-3.07684
-13.1	-3.08703
-13.12	-3.09712
-13.14	-3.10711
-13.16	-3.117
-13.18	-3.12679
-13.2	-3.13647
-13.22	-3.14605
-13.24	-3.15552
-13.26	-3.16488
-13.28	-3.17413
-13.3	-3.18327
-13.32	-3.1923
-13.34	-3.20121
-13.36	-3.21002
-13.38	-3.2187
-13.4	-3.22727
-13.42	-3.23572
-13.44	-3.24405
-13.46	-3.25226
-13.48	-3.26035
-13.5	-3.26832
-13.52	-3.27616
-13.54	-3.28389
-13.56	-3.29148
-13.58	-3.29895
-13.6	-3.3063
-13.62	-3.31351
-13.64	-3.3206
-13.66	-3.32756
-13.68	-3.33439
-13.7	-3.34109
-13.72	-3.34765
-13.74	-3.35409
-13.76	-3.36039
-13.78	-3.36656
-13.8	-3.3726
-13.82	-3.3785
-13.84	-3.38426
-13.86	-3.38989
-13.88	-3.39539
-13.9	-3.40075
-13.92	-3.40597
-13.94	-3.41106
-13.96	-3.41601
-13.98	-3.42082
-14	-3.4255
-14.02	-3.43004
-14.04	-3.43444
-14.06	-3.4387
-14.08	-3.44282
-14.1	-3.44681
-14.12	-3.45066
-14.14	-3.45437
-14.16	-3.45794
-14.18	-3.46137
-14.2	-3.46467
-14.22	-3.46782
-14.24	-3.47085
-14.26	-3.47373
-14.28	-3.47648
-14.3	-3.47909
-14.32	-3.48156
-14.34	-3.4839
-14.36	-3.4861
-14.38	-3.48817
-14.4	-3.4901
-14.42	-3.49189
-14.44	-3.49356
-14.46	-3.49509
-14.48	-3.49649
-14.5	-3.49775
-14.52	-3.49889
-14.54	-3.49989
-14.56	-3.50076
-14.58	-3.50151
-14.6	-3.50213
-14.62	-3.50261
-14.64	-3.50297
-14.66	-3.50321
-14.68	-3.50332
-14.7	-3.5033
-14.72	-3.50316
-14.74	-3.5029
-14.76	-3.50252
-14.78	-3.50202
-14.8	-3.5014
-14.82	-3.50065
-14.84	-3.49979
-14.86	-3.49882
-14.88	-3.49773
-14.9	-3.49652
-14.92	-3.4952
-14.94	-3.49377
-14.96	-3.49223
-14.98	-3.49058
-15	-3.48882
-15.02	-3.48696
-15.04	-3.48498
-15.06	-3.48291
-15.08	-3.48072
-15.1	-3.47844
-15.12	-3.47606
-15.14	-3.47357
-15.16	-3.47099
-15.18	-3.46831
-15.2	-3.46554
-15.22	-3.46267
-15.24	-3.4597
-15.26	-3.45665
-15.28	-3.4535
-15.3	-3.45027
-15.32	-3.44695
-15.34	-3.44354
-15.36	-3.44005
-15.38	-3.43647
-15.4	-3.43282
-15.42	-3.42908
-15.44	-3.42526
-15.46	-3.42136
-15.48	-3.41739
-15.5	-3.41334
-15.52	-3.40922
-15.54	-3.40503
-15.56	-3.40076
-15.58	-3.39643
-15.6	-3.39203
-15.62	-3.38756
-15.64	-3.38303
-15.66	-3.37843
-15.68	-3.37377
-15.7	-3.36905
-15.72	-3.36426
-15.74	-3.35942
-15.76	-3.35453
-15.78	-3.34957
-15.8	-3.34457
-15.82	-3.33951
-15.84	-3.33439
-15.86	-3.32923
-15.88	-3.32402
-15.9	-3.31876
-15.92	-3.31345
-15.94	-3.3081
-15.96	-3.3027
-15.98	-3.29726
-16	-3.29178
-16.02	-3.28626
-16.04	-3.2807
-16.06	-3.27511
-16.08	-3.26947
-16.1	-3.2638
-16.12	-3.2581
-16.14	-3.25236
-16.16	-3.24659
-16.18	-3.24079
-16.2	-3.23496
-16.22	-3.22911
-16.24	-3.22322
-16.26	-3.21731
-16.28	-3.21137
-16.3	-3.20541
-16.32	-3.19942
-16.34	-3.19342
-16.36	-3.18739
-16.38	-3.18134
-16.4	-3.17527
-16.42	-3.16918
-16.44	-3.16308
-16.46	-3.15696
-16.48	-3.15083
-16.5	-3.14468
-16.52	-3.13851
-16.54	-3.13234
-16.56	-3.12615
-16.58	-3.11995
-16.6	-3.11374
-16.62	-3.10753
-16.64	-3.1013
-16.66	-3.09506
-16.68	-3.08882
-16.7	-3.08258
-16.72	-3.07632
-16.74	-3.07007
-16.76	-3.06381
-16.78	-3.05754
-16.8	-3.05127
-16.82	-3.04501
-16.84	-3.03874
-16.86	-3.03247
-16.88	-3.0262
-16.9	-3.01993
-16.92	-3.01366
-16.94	-3.00739
-16.96	-3.00113
-16.98	-2.99487
-17	-2.98862
-17.02	-2.98237
-17.04	-2.97612
-17.06	-2.96988
-17.08	-2.96364
-17.1	-2.95741
-17.12	-2.95119
-17.14	-2.94498
-17.16	-2.93877
-17.18	-2.93257
-17.2	-2.92638
-17.22	-2.9202
-17.24	-2.91403
-17.26	-2.90787
-17.28	-2.90172
-17.3	-2.89558
-17.32	-2.88946
-17.34	-2.88334
-17.36	-2.87724
-17.38	-2.87114
-17.4	-2.86506
-17.42	-2.859
-17.44	-2.85295
-17.46	-2.84691
-17.48	-2.84088
-17.5	-2.83487
-17.52	-2.82887
-17.54	-2.82289
-17.56	-2.81692
-17.58	-2.81097
-17.6	-2.80504
-17.62	-2.79912
-17.64	-2.79321
-17.66	-2.78733
-17.68	-2.78145
-17.7	-2.7756
-17.72	-2.76976
-17.74	-2.76394
-17.76	-2.75814
-17.78	-2.75235
-17.8	-2.74658
-17.82	-2.74083
-17.84	-2.7351
-17.86	-2.72939
-17.88	-2.72369
-17.9	-2.71801
-17.92	-2.71235
-17.94	-2.70671
-17.96	-2.70109
-17.98	-2.69549
-18	-2.6899
-18.02	-2.68434
-18.04	-2.67879
-18.06	-2.67326
-18.08	-2.66776
-18.1	-2.66227
-18.12	-2.6568
-18.14	-2.65135
-18.16	-2.64592
-18.18	-2.64051
-18.2	-2.63512
-18.22	-2.62975
-18.24	-2.62441
-18.26	-2.61908
-18.28	-2.61377
-18.3	-2.60848
-18.32	-2.60321
-18.34	-2.59796
-18.36	-2.59273
-18.38	-2.58752
-18.4	-2.58233
-18.42	-2.57716
-18.44	-2.57201
-18.46	-2.56688
-18.48	-2.56178
-18.5	-2.55669
-18.52	-2.55162
-18.54	-2.54657
-18.56	-2.54155
-18.58	-2.53654
-18.6	-2.53155
-18.62	-2.52659
-18.64	-2.52164
-18.66	-2.51671
-18.68	-2.51181
-18.7	-2.50692
-18.72	-2.50206
-18.74	-2.49721
-18.76	-2.49239
-18.78	-2.48758
-18.8	-2.48279
-18.82	-2.47803
-18.84	-2.47328
-18.86	-2.46856
-18.88	-2.46385
-18.9	-2.45917
-18.92	-2.4545
-18.94	-2.44985
-18.96	-2.44523
-18.98	-2.44062
-19	-2.43603
-19.02	-2.43146
-19.04	-2.42691
-19.06	-2.42238
-19.08	-2.41787
-19.1	-2.41338
-19.12	-2.40891
-19.14	-2.40446
-19.16	-2.40003
-19.18	-2.39561
-19.2	-2.39122
-19.22	-2.38684
-19.24	-2.38248
-19.26	-2.37814
-19.28	-2.37382
-19.3	-2.36952
-19.32	-2.36524
-19.34	-2.36098
-19.36	-2.35673
-19.38	-2.35251
-19.4	-2.3483
-19.42	-2.34411
-19.44	-2.33993
-19.46	-2.33578
-19.48	-2.33164
-19.5	-2.32753
-19.52	-2.32343
-19.54	-2.31934
-19.56	-2.31528
-19.58	-2.31123
-19.6	-2.3072
-19.62	-2.30319
-19.64	-2.2992
-19.66	-2.29522
-19.68	-2.29126
-19.7	-2.28732
-19.72	-2.28339
-19.74	-2.27948
-19.76	-2.27559
-19.78	-2.27172
-19.8	-2.26786
-19.82	-2.26402
-19.84	-2.2602
-19.86	-2.25639
-19.88	-2.2526
-19.9	-2.24883
-19.92	-2.24507
-19.94	-2.24133
-19.96	-2.2376
-19.98	-2.23389
-20	-2.2302
-19.98	-2.21576
-19.96	-2.20546
-19.94	-2.19672
-19.92	-2.18884
-19.9	-2.18151
-19.88	-2.17459
-19.86	-2.16797
-19.84	-2.1616
-19.82	-2.15543
-19.8	-2.14943
-19.78	-2.14359
-19.76	-2.13788
-19.74	-2.13228
-19.72	-2.12679
-19.7	-2.12139
-19.68	-2.11608
-19.66	-2.11085
-19.64	-2.10569
-19.62	-2.1006
-19.6	-2.09557
-19.58	-2.0906
-19.56	-2.08569
-19.54	-2.08083
-19.52	-2.07602
-19.5	-2.07126
-19.48	-2.06654
-19.46	-2.06187
-19.44	-2.05723
-19.42	-2.05264
-19.4	-2.04808
-19.38	-2.04355
-19.36	-2.03906
-19.34	-2.0346
-19.32	-2.03018
-19.3	-2.02578
-19.28	-2.02141
-19.26	-2.01707
-19.24	-2.01276
-19.22	-2.00847
-19.2	-2.00421
-19.18	-1.99997
-19.16	-1.99576
-19.14	-1.99156
-19.12	-1.98739
-19.1	-1.98324
-19.08	-1.97912
-19.06	-1.97501
-19.04	-1.97092
-19.02	-1.96685
-19	-1.9628
-18.98	-1.95876
-18.96	-1.95475
-18.94	-1.95075
-18.92	-1.94676
-18.9	-1.9428
-18.88	-1.93884
-18.86	-1.93491
-18.84	-1.93098
-18.82	-1.92708
-18.8	-1.92318
-18.78	-1.9193
-18.76	-1.91543
-18.74	-1.91157
-18.72	-1.90773
-18.7	-1.9039
-18.68	-1.90008
-18.66	-1.89627
-18.64	-1.89247
-18.62	-1.88869
-18.6	-1.88491
-18.58	-1.88114
-18.56	-1.87739
-18.54	-1.87364
-18.52	-1.8699
-18.5	-1.86618
-18.48	-1.86246
-18.46	-1.85875
-18.44	-1.85504
-18.42	-1.85135
-18.4	-1.84766
-18.38	-1.84398
-18.36	-1.84031
-18.34	-1.83665
-18.32	-1.83299
-18.3	-1.82934
-18.28	-1.8257
-18.26	-1.82206
-18.24	-1.81843
-18.22	-1.81481
-18.2	-1.81119
-18.18	-1.80757
-18.16	-1.80397
-18.14	-1.80036
-18.12	-1.79676
-18.1	-1.79317
-18.08	-1.78958
-18.06	-1.786
-18.04	-1.78242
-18.02	-1.77885
-18	-1.77527
-17.98	-1.77171
-17.96	-1.76814
-17.94	-1.76458
-17.92	-1.76103
-17.9	-1.75748
-17.88	-1.75393
-17.86	-1.75038
-17.84	-1.74683
-17.82	-1.74329
-17.8	-1.73975
-17.78	-1.73622
-17.76	-1.73268
-17.74	-1.72915
-17.72	-1.72562
-17.7	-1.72209
-17.68	-1.71857
-17.66	-1.71504
-17.64	-1.71152
-17.62	-1.708
-17.6	-1.70448
-17.58	-1.70096
-17.56	-1.69744
-17.54	-1.69392
-17.52	-1.69041
-17.5	-1.68689
-17.48	-1.68337
-17.46	-1.67986
-17.44	-1.67635
-17.42	-1.67283
-17.4	-1.66932
-17.38	-1.6658
-17.36	-1.66229
-17.34	-1.65877
-17.32	-1.65526
-17.3	-1.65174
-17.28	-1.64823
-17.26	-1.64471
-17.24	-1.6412
-17.22	-1.63768
-17.2	-1.63416
-17.18	-1.63064
-17.16	-1.62712
-17.14	-1.6236
-17.12	-1.62008
-17.1	-1.61655
-17.08	-1.61303
-17.06	-1.6095
-17.04	-1.60597
-17.02	-1.60244
-17	-1.59891
-16.98	-1.59538
-16.96	-1.59184
-16.94	-1.5883
-16.92	-1.58476
-16.9	-1.58122
-16.88	-1.57768
-16.86	-1.57413
-16.84	-1.57058
-16.82	-1.56703
-16.8	-1.56348
-16.78	-1.55992
-16.76	-1.55637
-16.74	-1.55281
-16.72	-1.54924
-16.7	-1.54568
-16.68	-1.54211
-16.66	-1.53853
-16.64	-1.53496
-16.62	-1.53138
-16.6	-1.5278
-16.58	-1.52422
-16.56	-1.52063
-16.54	-1.51704
-16.52	-1.51344
-16.5	-1.50985
-16.48	-1.50625
-16.46	-1.50264
-16.44	-1.49904
-16.42	-1.49542
-16.4	-1.49181
-16.38	-1.48819
-16.36	-1.48457
-16.34	-1.48095
-16.32	-1.47732
-16.3	-1.47368
-16.28	-1.47005
-16.26	-1.46641
-16.24	-1.46276
-16.22	-1.45911
-16.2	-1.45546
-16.18	-1.45181
-16.16	-1.44814
-16.14	-1.44448
-16.12	-1.44081
-16.1	-1.43714
-16.08	-1.43346
-16.06	-1.42978
-16.04	-1.4261
-16.02	-1.42241
-16	-1.41872
-15.98	-1.41502
-15.96	-1.41132
-15.94	-1.40761
-15.92	-1.4039
-15.9	-1.40019
-15.88	-1.39647
-15.86	-1.39275
-15.84	-1.38902
-15.82	-1.38529
-15.8	-1.38155
-15.78	-1.37781
-15.76	-1.37407
-15.74	-1.37032
-15.72	-1.36657
-15.7	-1.36281
-15.68	-1.35905
-15.66	-1.35528
-15.64	-1.35151
-15.62	-1.34774
-15.6	-1.34396
-15.58	-1.34018
-15.56	-1.33639
-15.54	-1.3326
-15.52	-1.3288
-15.5	-1.325
-15.48	-1.3212
-15.46	-1.31739
-15.44	-1.31357
-15.42	-1.30976
-15.4	-1.30594
-15.38	-1.30211
-15.36	-1.29828
-15.34	-1.29445
-15.32	-1.29061
-15.3	-1.28677
-15.28	-1.28292
-15.26	-1.27907
-15.24	-1.27522
-15.22	-1.27136
-15.2	-1.26749
-15.18	-1.26363
-15.16	-1.25976
-15.14	-1.25588
-15.12	-1.25201
-15.1	-1.24812
-15.08	-1.24424
-15.06	-1.24035
-15.04	-1.23646
-15.02	-1.23256
-15	-1.22866
-14.98	-1.22476
-14.96	-1.22085
-14.94	-1.21694
-14.92	-1.21303
-14.9	-1.20911
-14.88	-1.20519
-14.86	-1.20126
-14.84	-1.19734
-14.82	-1.19341
-14.8	-1.18947
-14.78	-1.18554
-14.76	-1.1816
-14.74	-1.17766
-14.72	-1.17371
-14.7	-1.16976
-14.68	-1.16581
-14.66	-1.16186
-14.64	-1.1579
-14.62	-1.15394
-14.6	-1.14998
-14.58	-1.14602
-14.56	-1.14205
-14.54	-1.13808
-14.52	-1.13411
-14.5	-1.13014
-14.48	-1.12616
-14.46	-1.12219
-14.44	-1.11821
-14.42	-1.11422
-14.4	-1.11024
-14.38	-1.10626
-14.36	-1.10227
-14.34	-1.09828
-14.32	-1.09429
-14.3	-1.0903
-14.28	-1.08631
-14.26	-1.08231
-14.24	-1.07832
-14.22	-1.07432
-14.2	-1.07033
-14.18	-1.06633
-14.16	-1.06233
-14.14	-1.05833
-14.12	-1.05433
-14.1	-1.05033
-14.08	-1.04632
-14.06	-1.04232
-14.04	-1.03832
-14.02	-1.03432
-14	-1.03031
-13.98	-1.02631
-13.96	-1.02231
-13.94	-1.0183
-13.92	-1.0143
-13.9	-1.0103
-13.88	-1.00629
-13.86	-1.00229
-13.84	-0.998288
-13.82	-0.994287
-13.8	-0.990286
-13.78	-0.986286
-13.76	-0.982287
-13.74	-0.978289
-13.72	-0.974292
-13.7	-0.970297
-13.68	-0.966302
-13.66	-0.962309
-13.64	-0.958318
-13.62	-0.954328
-13.6	-0.950339
-13.58	-0.946353
-13.56	-0.942368
-13.54	-0.938385
-13.52	-0.934404
-13.5	-0.930426
-13.48	-0.926449
-13.46	-0.922475
-13.44	-0.918504
-13.42	-0.914535
-13.4	-0.910569
-13.38	-0.906605
-13.36	-0.902644
-13.34	-0.898687
-13.32	-0.894732
-13.3	-0.89078
-13.28	-0.886832
-13.26	-0.882887
-13.24	-0.878946
-13.22	-0.875008
-13.2	-0.871073
-13.18	-0.867143
-13.16	-0.863216
-13.14	-0.859294
-13.12	-0.855375
-13.1	-0.85146
-13.08	-0.84755
-13.06	-0.843644
-13.04	-0.839743
-13.02	-0.835846
-13	-0.831954
-12.98	-0.828067
-12.96	-0.824184
-12.94	-0.820307
-12.92	-0.816434
-12.9	-0.812567
-12.88	-0.808705
-12.86	-0.804848
-12.84	-0.800997
-12.82	-0.797152
-12.8	-0.793312
-12.78	-0.789477
-12.76	-0.785649
-12.74	-0.781827
-12.72	-0.77801
-12.7	-0.7742
-12.68	-0.770396
-12.66	-0.766598
-12.64	-0.762807
-12.62	-0.759022
-12.6	-0.755244
-12.58	-0.751472
-12.56	-0.747708
-12.54	-0.74395
-12.52	-0.740199
-12.5	-0.736455
-12.48	-0.732719
-12.46	-0.72899
-12.44	-0.725268
-12.42	-0.721553
-12.4	-0.717846
-12.38	-0.714147
-12.36	-0.710455
-12.34	-0.706771
-12.32	-0.703095
-12.3	-0.699427
-12.28	-0.695767
-12.26	-0.692115
-12.24	-0.688471
-12.22	-0.684835
-12.2	-0.681208
-12.18	-0.677589
-12.16	-0.673979
-12.14	-0.670378
-12.12	-0.666785
-12.1	-0.663201
-12.08	-0.659626
-12.06	-0.656059
-12.04	-0.652502
-12.02	-0.648954
-12	-0.645414
-11.98	-0.641885
-11.96	-0.638364
-11.94	-0.634853
-11.92	-0.631351
-11.9	-0.627859
-11.88	-0.624376
-11.86	-0.620903
-11.84	-0.617439
-11.82	-0.613986
-11.8	-0.610542
-11.78	-0.607108
-11.76	-0.603684
-11.74	-0.600271
-11.72	-0.596867
-11.7	-0.593473
-11.68	-0.59009
-11.66	-0.586717
-11.64	-0.583354
-11.62	-0.580002
-11.6	-0.57666
-11.58	-0.573329
-11.56	-0.570008
-11.54	-0.566698
-11.52	-0.563399
-11.5	-0.56011
-11.48	-0.556832
-11.46	-0.553565
-11.44	-0.550309
-11.42	-0.547064
-11.4	-0.54383
-11.38	-0.540607
-11.36	-0.537394
-11.34	-0.534194
-11.32	-0.531004
-11.3	-0.527825
-11.28	-0.524658
-11.26	-0.521502
-11.24	-0.518357
-11.22	-0.515224
-11.2	-0.512102
-11.18	-0.508992
-11.16	-0.505893
-11.14	-0.502806
-11.12	-0.49973
-11.1	-0.496666
-11.08	-0.493614
-11.06	-0.490573
-11.04	-0.487544
-11.02	-0.484527
-11	-0.481521
-10.98	-0.478528
-10.96	-0.475546
-10.94	-0.472576
-10.92	-0.469618
-10.9	-0.466671
-10.88	-0.463737
-10.86	-0.460815
-10.84	-0.457904
-10.82	-0.455006
-10.8	-0.45212
-10.78	-0.449246
-10.76	-0.446383
-10.74	-0.443533
-10.72	-0.440695
-10.7	-0.43787
-10.68	-0.435056
-10.66	-0.432254
-10.64	-0.429465
-10.62	-0.426688
-10.6	-0.423923
-10.58	-0.42117
-10.56	-0.418429
-10.54	-0.415701
-10.52	-0.412985
-10.5	-0.410281
-10.48	-0.40759
-10.46	-0.40491
-10.44	-0.402243
-10.42	-0.399589
-10.4	-0.396946
-10.38	-0.394316
-10.36	-0.391698
-10.34	-0.389092
-10.32	-0.386499
-10.3	-0.383918
-10.28	-0.381349
-10.26	-0.378793
-10.24	-0.376249
-10.22	-0.373717
-10.2	-0.371197
-10.18	-0.36869
-10.16	-0.366195
-10.14	-0.363712
-10.12	-0.361242
-10.1	-0.358783
-10.08	-0.356337
-10.06	-0.353904
-10.04	-0.351482
-10.02	-0.349073
-10	-0.346676
-9.98	-0.344291
-9.96	-0.341918
-9.94	-0.339558
-9.92	-0.33721
-9.9	-0.334874
-9.88	-0.33255
-9.86	-0.330238
-9.84	-0.327938
-9.82	-0.32565
-9.8	-0.323375
-9.78	-0.321111
-9.76	-0.31886
-9.74	-0.316621
-9.72	-0.314393
-9.7	-0.312178
-9.68	-0.309974
-9.66	-0.307783
-9.64	-0.305603
-9.62	-0.303436
-9.6	-0.30128
-9.58	-0.299136
-9.56	-0.297004
-9.54	-0.294884
-9.52	-0.292776
-9.5	-0.290679
-9.48	-0.288594
-9.46	-0.286521
-9.44	-0.284459
-9.42	-0.28241
-9.4	-0.280371
-9.38	-0.278345
-9.36	-0.27633
-9.34	-0.274326
-9.32	-0.272335
-9.3	-0.270354
-9.28	-0.268385
-9.26	-0.266428
-9.24	-0.264482
-9.22	-0.262547
-9.2	-0.260624
-9.18	-0.258712
-9.16	-0.256811
-9.14	-0.254922
-9.12	-0.253043
-9.1	-0.251176
-9.08	-0.24932
-9.06	-0.247476
-9.04	-0.245642
-9.02	-0.243819
-9	-0.242008
-8.98	-0.240207
-8.96	-0.238417
-8.94	-0.236639
-8.92	-0.234871
-8.9	-0.233114
-8.88	-0.231367
-8.86	-0.229632
-8.84	-0.227907
-8.82	-0.226193
-8.8	-0.22449
-8.78	-0.222797
-8.76	-0.221115
-8.74	-0.219443
-8.72	-0.217782
-8.7	-0.216131
-8.68	-0.214491
-8.66	-0.212861
-8.64	-0.211241
-8.62	-0.209632
-8.6	-0.208033
-8.58	-0.206444
-8.56	-0.204866
-8.54	-0.203297
-8.52	-0.201739
-8.5	-0.200191
-8.48	-0.198652
-8.46	-0.197124
-8.44	-0.195606
-8.42	-0.194097
-8.4	-0.192599
-8.38	-0.19111
-8.36	-0.189631
-8.34	-0.188162
-8.32	-0.186702
-8.3	-0.185252
-8.28	-0.183812
-8.26	-0.182381
-8.24	-0.18096
-8.22	-0.179548
-8.2	-0.178146
-8.18	-0.176753
-8.16	-0.17537
-8.14	-0.173995
-8.12	-0.17263
-8.1	-0.171275
-8.08	-0.169928
-8.06	-0.16859
-8.04	-0.167262
-8.02	-0.165943
-8	-0.164632
-7.98	-0.163331
-7.96	-0.162039
-7.94	-0.160755
-7.92	-0.15948
-7.9	-0.158214
-7.88	-0.156957
-7.86	-0.155708
-7.84	-0.154469
-7.82	-0.153237
-7.8	-0.152015
-7.78	-0.1508
-7.76	-0.149595
-7.74	-0.148397
-7.72	-0.147209
-7.7	-0.146028
-7.68	-0.144856
-7.66	-0.143692
-7.64	-0.142536
-7.62	-0.141389
-7.6	-0.140249
-7.58	-0.139118
-7.56	-0.137995
-7.54	-0.136879
-7.52	-0.135772
-7.5	-0.134672
-7.48	-0.133581
-7.46	-0.132497
-7.44	-0.131421
-7.42	-0.130353
-7.4	-0.129292
-7.38	-0.128239
-7.36	-0.127194
-7.34	-0.126156
-7.32	-0.125126
-7.3	-0.124104
-7.28	-0.123088
-7.26	-0.12208
-7.24	-0.12108
-7.22	-0.120087
-7.2	-0.119101
-7.18	-0.118122
-7.16	-0.117151
-7.14	-0.116186
-7.12	-0.115229
-7.1	-0.114279
-7.08	-0.113335
-7.06	-0.112399
-7.04	-0.11147
-7.02	-0.110547
-7	-0.109632
-6.98	-0.108723
-6.96	-0.107821
-6.94	-0.106926
-6.92	-0.106037
-6.9	-0.105155
-6.88	-0.10428
-6.86	-0.103411
-6.84	-0.102549
-6.82	-0.101693
-6.8	-0.100844
-6.78	-0.100001
-6.76	-0.099164
-6.74	-0.0983338
-6.72	-0.0975097
-6.7	-0.096692
-6.68	-0.0958804
-6.66	-0.095075
-6.64	-0.0942757
-6.62	-0.0934825
-6.6	-0.0926953
-6.58	-0.0919142
-6.56	-0.0911389
-6.54	-0.0903697
-6.52	-0.0896063
-6.5	-0.0888487
-6.48	-0.088097
-6.46	-0.087351
-6.44	-0.0866108
-6.42	-0.0858763
-6.4	-0.0851474
-6.38	-0.0844242
-6.36	-0.0837065
-6.34	-0.0829944
-6.32	-0.0822878
-6.3	-0.0815866
-6.28	-0.0808909
-6.26	-0.0802006
-6.24	-0.0795157
-6.22	-0.0788361
-6.2	-0.0781617
-6.18	-0.0774927
-6.16	-0.0768288
-6.14	-0.0761702
-6.12	-0.0755166
-6.1	-0.0748682
-6.08	-0.0742249
-6.06	-0.0735866
-6.04	-0.0729533
-6.02	-0.072325
-6	-0.0717016
-5.98	-0.0710831
-5.96	-0.0704695
-5.94	-0.0698607
-5.92	-0.0692568
-5.9	-0.0686575
-5.88	-0.0680631
-5.86	-0.0674733
-5.84	-0.0668882
-5.82	-0.0663077
-5.8	-0.0657318
-5.78	-0.0651605
-5.76	-0.0645937
-5.74	-0.0640315
-5.72	-0.0634736
-5.7	-0.0629203
-5.68	-0.0623713
-5.66	-0.0618267
-5.64	-0.0612865
-5.62	-0.0607505
-5.6	-0.0602189
-5.58	-0.0596914
-5.56	-0.0591682
-5.54	-0.0586492
-5.52	-0.0581344
-5.5	-0.0576236
-5.48	-0.057117
-5.46	-0.0566144
-5.44	-0.0561159
-5.42	-0.0556213
-5.4	-0.0551307
-5.38	-0.0546441
-5.36	-0.0541614
-5.34	-0.0536826
-5.32	-0.0532076
-5.3	-0.0527365
-5.28	-0.0522691
-5.26	-0.0518055
-5.24	-0.0513457
-5.22	-0.0508896
-5.2	-0.0504371
-5.18	-0.0499884
-5.16	-0.0495432
-5.14	-0.0491017
-5.12	-0.0486637
-5.1	-0.0482292
-5.08	-0.0477983
-5.06	-0.0473709
-5.04	-0.0469469
-5.02	-0.0465264
-5	-0.0461093
-4.98	-0.0456956
-4.96	-0.0452852
-4.94	-0.0448782
-4.92	-0.0444745
-4.9	-0.044074
-4.88	-0.0436768
-4.86	-0.0432829
-4.84	-0.0428921
-4.82	-0.0425046
-4.8	-0.0421201
-4.78	-0.0417388
-4.76	-0.0413607
-4.74	-0.0409855
-4.72	-0.0406135
-4.7	-0.0402445
-4.68	-0.0398784
-4.66	-0.0395154
-4.64	-0.0391553
-4.62	-0.0387982
-4.6	-0.038444
-4.58	-0.0380926
-4.56	-0.0377441
-4.54	-0.0373985
-4.52	-0.0370557
-4.5	-0.0367157
-4.48	-0.0363784
-4.46	-0.0360439
-4.44	-0.0357121
-4.42	-0.0353831
-4.4	-0.0350567
-4.38	-0.034733
-4.36	-0.0344119
-4.34	-0.0340934
-4.32	-0.0337775
-4.3	-0.0334642
-4.28	-0.0331535
-4.26	-0.0328453
-4.24	-0.0325396
-4.22	-0.0322364
-4.2	-0.0319356
-4.18	-0.0316373
-4.16	-0.0313415
-4.14	-0.031048
-4.12	-0.0307569
-4.1	-0.0304682
-4.08	-0.0301819
-4.06	-0.0298978
-4.04	-0.0296161
-4.02	-0.0293366
-4	-0.0290595
-3.98	-0.0287845
-3.96	-0.0285119
-3.94	-0.0282414
-3.92	-0.0279731
-3.9	-0.0277069
-3.88	-0.027443
-3.86	-0.0271811
-3.84	-0.0269214
-3.82	-0.0266638
-3.8	-0.0264082
-3.78	-0.0261548
-3.76	-0.0259033
-3.74	-0.0256539
-3.72	-0.0254065
-3.7	-0.0251611
-3.68	-0.0249176
-3.66	-0.0246761
-3.64	-0.0244366
-3.62	-0.0241989
-3.6	-0.0239632
-3.58	-0.0237293
-3.56	-0.0234974
-3.54	-0.0232672
-3.52	-0.0230389
-3.5	-0.0228124
-3.48	-0.0225878
-3.46	-0.0223649
-3.44	-0.0221437
-3.42	-0.0219244
-3.4	-0.0217067
-3.38	-0.0214908
-3.36	-0.0212766
-3.34	-0.0210641
-3.32	-0.0208532
-3.3	-0.0206441
-3.28	-0.0204365
-3.26	-0.0202306
-3.24	-0.0200263
-3.22	-0.0198236
-3.2	-0.0196224
-3.18	-0.0194229
-3.16	-0.0192249
-3.14	-0.0190284
-3.12	-0.0188334
-3.1	-0.01864
-3.08	-0.018448
-3.06	-0.0182576
-3.04	-0.0180685
-3.02	-0.017881
-3	-0.0176949
-2.98	-0.0175101
-2.96	-0.0173269
-2.94	-0.0171449
-2.92	-0.0169644
-2.9	-0.0167853
-2.88	-0.0166075
-2.86	-0.016431
-2.84	-0.0162559
-2.82	-0.016082
-2.8	-0.0159095
-2.78	-0.0157383
-2.76	-0.0155683
-2.74	-0.0153996
-2.72	-0.0152321
-2.7	-0.0150659
-2.68	-0.0149009
-2.66	-0.0147371
-2.64	-0.0145745
-2.62	-0.0144131
-2.6	-0.0142528
-2.58	-0.0140937
-2.56	-0.0139358
-2.54	-0.013779
-2.52	-0.0136233
-2.5	-0.0134687
-2.48	-0.0133152
-2.46	-0.0131628
-2.44	-0.0130115
-2.42	-0.0128612
-2.4	-0.012712
-2.38	-0.0125638
-2.36	-0.0124167
-2.34	-0.0122706
-2.32	-0.0121254
-2.3	-0.0119813
-2.28	-0.0118381
-2.26	-0.0116959
-2.24	-0.0115547
-2.22	-0.0114144
-2.2	-0.0112751
-2.18	-0.0111367
-2.16	-0.0109992
-2.14	-0.0108625
-2.12	-0.0107268
-2.1	-0.010592
-2.08	-0.010458
-2.06	-0.0103249
-2.04	-0.0101927
-2.02	-0.0100613
-2	-0.00993067
-1.98	-0.0098009
-1.96	-0.00967194
-1.94	-0.00954377
-1.92	-0.00941639
-1.9	-0.00928979
-1.88	-0.00916395
-1.86	-0.00903886
-1.84	-0.00891453
-1.82	-0.00879092
-1.8	-0.00866805
-1.78	-0.00854588
-1.76	-0.00842443
-1.74	-0.00830367
-1.72	-0.00818359
-1.7	-0.0080642
-1.68	-0.00794546
-1.66	-0.00782739
-1.64	-0.00770996
-1.62	-0.00759317
-1.6	-0.00747701
-1.58	-0.00736146
-1.56	-0.00724652
-1.54	-0.00713219
-1.52	-0.00701844
-1.5	-0.00690528
-1.48	-0.00679268
-1.46	-0.00668065
-1.44	-0.00656917
-1.42	-0.00645823
-1.4	-0.00634783
-1.38	-0.00623795
-1.36	-0.00612859
-1.34	-0.00601974
-1.32	-0.00591138
-1.3	-0.00580352
-1.28	-0.00569613
-1.26	-0.00558922
-1.24	-0.00548276
-1.22	-0.00537676
-1.2	-0.00527121
-1.18	-0.00516609
-1.16	-0.0050614
-1.14	-0.00495712
-1.12	-0.00485326
-1.1	-0.00474979
-1.08	-0.00464672
-1.06	-0.00454403
-1.04	-0.00444171
-1.02	-0.00433976
-1	-0.00423817
-0.98	-0.00413693
-0.96	-0.00403603
-0.94	-0.00393546
-0.92	-0.00383521
-0.9	-0.00373528
-0.88	-0.00363565
-0.86	-0.00353632
-0.84	-0.00343728
-0.82	-0.00333852
-0.8	-0.00324004
-0.78	-0.00314182
-0.76	-0.00304385
-0.74	-0.00294613
-0.72	-0.00284865
-0.7	-0.00275141
-0.68	-0.00265438
-0.66	-0.00255757
-0.64	-0.00246096
-0.62	-0.00236456
-0.6	-0.00226834
-0.58	-0.0021723
-0.56	-0.00207644
-0.54	-0.00198074
-0.52	-0.00188519
-0.5	-0.0017898
-0.48	-0.00169454
-0.46	-0.00159942
-0.44	-0.00150442
-0.42	-0.00140954
-0.4	-0.00131476
-0.38	-0.00122008
-0.36	-0.00112549
-0.34	-0.00103099
-0.32	-0.000936556
-0.3	-0.000842192
-0.28	-0.000747885
-0.26	-0.000653628
-0.24	-0.000559413
-0.22	-0.000465231
-0.2	-0.000371075
-0.18	-0.000276935
-0.16	-0.000182804
-0.14	-8.86744e-05
-0.12	5.46332e-06
-0.1	9.96168e-05
-0.08	0.000193794
-0.06	0.000288004
-0.04	0.000382255
-0.02	0.000476554
3.37681e-13	0.00057091
0.02	0.000665331
0.04	0.000759826
0.06	0.000854403
0.08	0.00094907
0.1	0.00104384
0.12	0.00113871
0.14	0.0012337
0.16	0.00132881
0.18	0.00142405
0.2	0.00151943
0.22	0.00161497
0.24	0.00171065
0.26	0.00180651
0.28	0.00190254
0.3	0.00199875
0.32	0.00209515
0.34	0.00219175
0.36	0.00228856
0.38	0.00238559
0.4	0.00248284
0.42	0.00258032
0.44	0.00267805
0.46	0.00277603
0.48	0.00287427
0.5	0.00297278
0.52	0.00307156
0.54	0.00317063
0.56	0.00327
0.58	0.00336966
0.6	0.00346965
0.62	0.00356995
0.64	0.00367058
0.66	0.00377155
0.68	0.00387287
0.7	0.00397455
0.72	0.0040766
0.74	0.00417902
0.76	0.00428182
0.78	0.00438502
0.8	0.00448862
0.82	0.00459263
0.84	0.00469707
0.86	0.00480193
0.88	0.00490724
0.9	0.00501299
0.92	0.0051192
0.94	0.00522589
0.96	0.00533305
0.98	0.0054407
1	0.00554884
1.02	0.00565749
1.04	0.00576666
1.06	0.00587636
1.08	0.00598659
1.1	0.00609737
1.12	0.0062087
1.14	0.0063206
1.16	0.00643307
1.18	0.00654613
1.2	0.00665979
1.22	0.00677406
1.24	0.00688894
1.26	0.00700444
1.28	0.00712059
1.3	0.00723738
1.32	0.00735483
1.34	0.00747295
1.36	0.00759175
1.38	0.00771124
1.4	0.00783143
1.42	0.00795233
1.44	0.00807395
1.46	0.00819631
1.48	0.00831941
1.5	0.00844327
1.52	0.00856789
1.54	0.00869329
1.56	0.00881948
1.58	0.00894647
1.6	0.00907427
1.62	0.00920289
1.64	0.00933235
1.66	0.00946266
1.68	0.00959382
1.7	0.00972585
1.72	0.00985876
1.74	0.00999257
1.76	0.0101273
1.78	0.0102629
1.8	0.0103995
1.82	0.010537
1.84	0.0106754
1.86	0.0108149
1.88	0.0109553
1.9	0.0110967
1.92	0.0112391
1.94	0.0113825
1.96	0.0115269
1.98	0.0116724
2	0.011819
2.02	0.0119666
2.04	0.0121153
2.06	0.0122651
2.08	0.012416
2.1	0.012568
2.12	0.0127212
2.14	0.0128755
2.16	0.013031
2.18	0.0131876
2.2	0.0133455
2.22	0.0135045
2.24	0.0136648
2.26	0.0138263
2.28	0.0139891
2.3	0.0141531
2.32	0.0143184
2.34	0.014485
2.36	0.0146529
2.38	0.0148222
2.4	0.0149927
2.42	0.0151647
2.44	0.015338
2.46	0.0155126
2.48	0.0156887
2.5	0.0158662
2.52	0.0160451
2.54	0.0162255
2.56	0.0164074
2.58	0.0165907
2.6	0.0167755
2.62	0.0169618
2.64	0.0171497
2.66	0.0173391
2.68	0.0175301
2.7	0.0177226
2.72	0.0179168
2.74	0.0181126
2.76	0.01831
2.78	0.018509
2.8	0.0187097
2.82	0.0189121
2.84	0.0191162
2.86	0.0193221
2.88	0.0195296
2.9	0.019739
2.92	0.0199501
2.94	0.020163
2.96	0.0203777
2.98	0.0205943
3	0.0208127
3.02	0.021033
3.04	0.0212552
3.06	0.0214792
3.08	0.0217053
3.1	0.0219332
3.12	0.0221632
3.14	0.0223951
3.16	0.0226291
3.18	0.0228651
3.2	0.0231031
3.22	0.0233432
3.24	0.0235855
3.26	0.0238298
3.28	0.0240763
3.3	0.0243249
3.32	0.0245757
3.34	0.0248288
3.36	0.025084
3.38	0.0253416
3.4	0.0256013
3.42	0.0258634
3.44	0.0261278
3.46	0.0263946
3.48	0.0266637
3.5	0.0269352
3.52	0.0272091
3.54	0.0274855
3.56	0.0277643
3.58	0.0280456
3.6	0.0283294
3.62	0.0286158
3.64	0.0289047
3.66	0.0291962
3.68	0.0294903
3.7	0.0297871
3.72	0.0300865
3.74	0.0303887
3.76	0.0306935
3.78	0.0310011
3.8	0.0313114
3.82	0.0316246
3.84	0.0319405
3.86	0.0322594
3.88	0.0325811
3.9	0.0329057
3.92	0.0332332
3.94	0.0335637
3.96	0.0338973
3.98	0.0342338
4	0.0345734
4.02	0.034916
4.04	0.0352618
4.06	0.0356107
4.08	0.0359628
4.1	0.0363181
4.12	0.0366767
4.14	0.0370384
4.16	0.0374035
4.18	0.0377719
4.2	0.0381437
4.22	0.0385189
4.24	0.0388975
4.26	0.0392795
4.28	0.039665
4.3	0.0400541
4.32	0.0404467
4.34	0.0408429
4.36	0.0412427
4.38	0.0416461
4.4	0.0420533
4.42	0.0424642
4.44	0.0428788
4.46	0.0432973
4.48	0.0437196
4.5	0.0441457
4.52	0.0445757
4.54	0.0450097
4.56	0.0454477
4.58	0.0458897
4.6	0.0463357
4.62	0.0467858
4.64	0.0472401
4.66	0.0476985
4.68	0.0481611
4.7	0.048628
4.72	0.0490991
4.74	0.0495746
4.76	0.0500544
4.78	0.0505387
4.8	0.0510273
4.82	0.0515205
4.84	0.0520182
4.86	0.0525205
4.88	0.0530273
4.9	0.0535389
4.92	0.0540551
4.94	0.054576
4.96	0.0551018
4.98	0.0556323
5	0.0561678
5.02	0.0567081
5.04	0.0572534
5.06	0.0578037
5.08	0.0583591
5.1	0.0589196
5.12	0.0594852
5.14	0.060056
5.16	0.060632
5.18	0.0612133
5.2	0.0617999
5.22	0.0623919
5.24	0.0629894
5.26	0.0635923
5.28	0.0642007
5.3	0.0648147
5.32	0.0654344
5.34	0.0660597
5.36	0.0666907
5.38	0.0673275
5.4	0.0679702
5.42	0.0686187
5.44	0.0692732
5.46	0.0699336
5.48	0.0706001
5.5	0.0712727
5.52	0.0719514
5.54	0.0726363
5.56	0.0733275
5.58	0.074025
5.6	0.0747288
5.62	0.0754391
5.64	0.0761558
5.66	0.0768791
5.68	0.077609
5.7	0.0783455
5.72	0.0790888
5.74	0.0798388
5.76	0.0805956
5.78	0.0813593
5.8	0.08213
5.82	0.0829076
5.84	0.0836924
5.86	0.0844842
5.88	0.0852833
5.9	0.0860896
5.92	0.0869032
5.94	0.0877241
5.96	0.0885526
5.98	0.0893885
6	0.090232
6.02	0.0910831
6.04	0.091942
6.06	0.0928085
6.08	0.093683
6.1	0.0945653
6.12	0.0954555
6.14	0.0963539
6.16	0.0972603
6.18	0.0981748
6.2	0.0990976
6.22	0.100029
6.24	0.100968
6.26	0.101916
6.28	0.102873
6.3	0.103838
6.32	0.104811
6.34	0.105794
6.36	0.106785
6.38	0.107785
6.4	0.108794
6.42	0.109812
6.44	0.110839
6.46	0.111876
6.48	0.112921
6.5	0.113976
6.52	0.11504
6.54	0.116114
6.56	0.117197
6.58	0.11829
6.6	0.119393
6.62	0.120505
6.64	0.121628
6.66	0.12276
6.68	0.123902
6.7	0.125055
6.72	0.126217
6.74	0.12739
6.76	0.128573
6.78	0.129767
6.8	0.130971
6.82	0.132185
6.84	0.133411
6.86	0.134647
6.88	0.135894
6.9	0.137152
6.92	0.138421
6.94	0.139701
6.96	0.140992
6.98	0.142294
7	0.143608
7.02	0.144934
7.04	0.14627
7.06	0.147619
7.08	0.148979
7.1	0.150351
7.12	0.151735
7.14	0.153131
7.16	0.154539
7.18	0.155959
7.2	0.157391
7.22	0.158836
7.24	0.160293
7.26	0.161762
7.28	0.163245
7.3	0.164739
7.32	0.166247
7.34	0.167768
7.36	0.169302
7.38	0.170848
7.4	0.172408
7.42	0.173981
7.44	0.175568
7.46	0.177168
7.48	0.178781
7.5	0.180409
7.52	0.18205
7.54	0.183705
7.56	0.185373
7.58	0.187056
7.6	0.188753
7.62	0.190464
7.64	0.19219
7.66	0.19393
7.68	0.195684
7.7	0.197453
7.72	0.199237
7.74	0.201036
7.76	0.20285
7.78	0.204678
7.8	0.206522
7.82	0.208381
7.84	0.210255
7.86	0.212145
7.88	0.21405
7.9	0.215971
7.92	0.217908
7.94	0.21986
7.96	0.221829
7.98	0.223813
8	0.225814
8.02	0.22783
8.04	0.229863
8.06	0.231913
8.08	0.233979
8.1	0.236062
8.12	0.238161
8.14	0.240277
8.16	0.24241
8.18	0.24456
8.2	0.246728
8.22	0.248912
8.24	0.251114
8.26	0.253333
8.28	0.25557
8.3	0.257824
8.32	0.260096
8.34	0.262386
8.36	0.264694
8.38	0.26702
8.4	0.269364
8.42	0.271726
8.44	0.274106
8.46	0.276505
8.48	0.278923
8.5	0.281358
8.52	0.283813
8.54	0.286286
8.56	0.288779
8.58	0.29129
8.6	0.29382
8.62	0.296369
8.64	0.298938
8.66	0.301526
8.68	0.304133
8.7	0.30676
8.72	0.309406
8.74	0.312072
8.76	0.314758
8.78	0.317464
8.8	0.320189
8.82	0.322935
8.84	0.325701
8.86	0.328487
8.88	0.331293
8.9	0.334119
8.92	0.336966
8.94	0.339834
8.96	0.342722
8.98	0.34563
9	0.34856
9.02	0.35151
9.04	0.354481
9.06	0.357473
9.08	0.360486
9.1	0.36352
9.12	0.366575
9.14	0.369651
9.16	0.372749
9.18	0.375868
9.2	0.379008
9.22	0.38217
9.24	0.385353
9.26	0.388558
9.28	0.391784
9.3	0.395032
9.32	0.398302
9.34	0.401594
9.36	0.404907
9.38	0.408242
9.4	0.411599
9.42	0.414978
9.44	0.418379
9.46	0.421802
9.48	0.425247
9.5	0.428713
9.52	0.432202
9.54	0.435714
9.56	0.439247
9.58	0.442802
9.6	0.44638
9.62	0.449979
9.64	0.453601
9.66	0.457245
9.68	0.460911
9.7	0.4646
9.72	0.46831
9.74	0.472043
9.76	0.475798
9.78	0.479576
9.8	0.483375
9.82	0.487197
9.84	0.49104
9.86	0.494906
9.88	0.498794
9.9	0.502704
9.92	0.506636
9.94	0.51059
9.96	0.514566
9.98	0.518564
10	0.522583
10.02	0.526625
10.04	0.530688
10.06	0.534773
10.08	0.53888
10.1	0.543008
10.12	0.547158
10.14	0.55133
10.16	0.555522
10.18	0.559736
10.2	0.563971
10.22	0.568227
10.24	0.572504
10.26	0.576803
10.28	0.581121
10.3	0.585461
10.32	0.589821
10.34	0.594202
10.36	0.598603
10.38	0.603024
10.4	0.607466
10.42	0.611927
10.44	0.616408
10.46	0.620909
10.48	0.625429
10.5	0.629968
10.52	0.634527
10.54	0.639105
10.56	0.643701
10.58	0.648317
10.6	0.65295
10.62	0.657602
10.64	0.662273
10.66	0.666961
10.68	0.671666
10.7	0.67639
10.72	0.68113
10.74	0.685887
10.76	0.690662
10.78	0.695453
10.8	0.70026
10.82	0.705083
10.84	0.709922
10.86	0.714777
10.88	0.719647
10.9	0.724532
10.92	0.729432
10.94	0.734346
10.96	0.739274
10.98	0.744216
11	0.749172
11.02	0.754142
11.04	0.759124
11.06	0.764118
11.08	0.769126
11.1	0.774145
11.12	0.779175
11.14	0.784217
11.16	0.78927
11.18	0.794334
11.2	0.799407
11.22	0.804491
11.24	0.809584
11.26	0.814686
11.28	0.819797
11.3	0.824916
11.32	0.830043
11.34	0.835178
11.36	0.840319
11.38	0.845467
11.4	0.850622
11.42	0.855782
11.44	0.860947
11.46	0.866118
11.48	0.871293
11.5	0.876471
11.52	0.881654
11.54	0.886839
11.56	0.892027
11.58	0.897217
11.6	0.902408
11.62	0.907601
11.64	0.912794
11.66	0.917987
11.68	0.92318
11.7	0.928371
11.72	0.933561
11.74	0.93875
11.76	0.943935
11.78	0.949118
11.8	0.954297
11.82	0.959471
11.84	0.964641
11.86	0.969805
11.88	0.974964
11.9	0.980116
11.92	0.985261
11.94	0.990398
11.96	0.995527
11.98	1.00065
12	1.00576
12.02	1.01086
12.04	1.01595
12.06	1.02103
12.08	1.0261
12.1	1.03115
12.12	1.03619
12.14	1.04122
12.16	1.04623
12.18	1.05123
12.2	1.05621
12.22	1.06118
12.24	1.06613
12.26	1.07106
12.28	1.07598
12.3	1.08087
12.32	1.08575
12.34	1.0906
12.36	1.09544
12.38	1.10025
12.4	1.10504
12.42	1.10981
12.44	1.11456
12.46	1.11928
12.48	1.12398
12.5	1.12865
12.52	1.13329
12.54	1.13791
12.56	1.14251
12.58	1.14707
12.6	1.1516
12.62	1.15611
12.64	1.16059
12.66	1.16503
12.68	1.16945
12.7	1.17383
12.72	1.17818
12.74	1.1825
12.76	1.18678
12.78	1.19103
12.8	1.19524
12.82	1.19942
12.84	1.20356
12.86	1.20767
12.88	1.21174
12.9	1.21577
12.92	1.21976
12.94	1.22371
12.96	1.22762
12.98	1.2315
13	1.23533
13.02	1.23912
13.04	1.24286
13.06	1.24657
13.08	1.25023
13.1	1.25385
13.12	1.25742
13.14	1.26095
13.16	1.26443
13.18	1.26787
13.2	1.27126
13.22	1.27461
13.24	1.2779
13.26	1.28115
13.28	1.28435
13.3	1.2875
13.32	1.2906
13.34	1.29366
13.36	1.29666
13.38	1.29961
13.4	1.30251
13.42	1.30536
13.44	1.30816
13.46	1.31091
13.48	1.3136
13.5	1.31624
13.52	1.31883
13.54	1.32137
13.56	1.32385
13.58	1.32627
13.6	1.32865
13.62	1.33096
13.64	1.33323
13.66	1.33543
13.68	1.33758
13.7	1.33968
13.72	1.34172
13.74	1.34371
13.76	1.34564
13.78	1.34751
13.8	1.34932
13.82	1.35108
13.84	1.35278
13.86	1.35443
13.88	1.35602
13.9	1.35755
13.92	1.35902
13.94	1.36044
13.96	1.3618
13.98	1.3631
14	1.36434
14.02	1.36553
14.04	1.36666
14.06	1.36773
14.08	1.36875
14.1	1.3697
14.12	1.3706
14.14	1.37145
14.16	1.37223
14.18	1.37296
14.2	1.37364
14.22	1.37425
14.24	1.37481
14.26	1.37532
14.28	1.37576
14.3	1.37615
14.32	1.37649
14.34	1.37677
14.36	1.37699
14.38	1.37716
14.4	1.37728
14.42	1.37734
14.44	1.37735
14.46	1.3773
14.48	1.3772
14.5	1.37704
14.52	1.37683
14.54	1.37657
14.56	1.37626
14.58	1.37589
14.6	1.37548
14.62	1.37501
14.64	1.37449
14.66	1.37392
14.68	1.3733
14.7	1.37263
14.72	1.37192
14.74	1.37115
14.76	1.37034
14.78	1.36947
14.8	1.36856
14.82	1.36761
14.84	1.3666
14.86	1.36556
14.88	1.36446
14.9	1.36332
14.92	1.36214
14.94	1.36091
14.96	1.35964
14.98	1.35833
15	1.35697
15.02	1.35558
15.04	1.35414
15.06	1.35266
15.08	1.35114
15.1	1.34958
15.12	1.34798
15.14	1.34635
15.16	1.34467
15.18	1.34296
15.2	1.34122
15.22	1.33943
15.24	1.33762
15.26	1.33576
15.28	1.33387
15.3	1.33195
15.32	1.33
15.34	1.32801
15.36	1.32599
15.38	1.32394
15.4	1.32186
15.42	1.31975
15.44	1.31761
15.46	1.31544
15.48	1.31325
15.5	1.31102
15.52	1.30877
15.54	1.30649
15.56	1.30419
15.58	1.30186
15.6	1.2995
15.62	1.29712
15.64	1.29472
15.66	1.2923
15.68	1.28985
15.7	1.28738
15.72	1.28489
15.74	1.28238
15.76	1.27984
15.78	1.27729
15.8	1.27472
15.82	1.27213
15.84	1.26953
15.86	1.2669
15.88	1.26426
15.9	1.2616
15.92	1.25893
15.94	1.25624
15.96	1.25354
15.98	1.25082
16	1.24809
16.02	1.24535
16.04	1.24259
16.06	1.23982
16.08	1.23704
16.1	1.23425
16.12	1.23144
16.14	1.22863
16.16	1.22581
16.18	1.22297
16.2	1.22013
16.22	1.21728
16.24	1.21442
16.26	1.21156
16.28	1.20869
16.3	1.20581
16.32	1.20292
16.34	1.20003
16.36	1.19713
16.38	1.19423
16.4	1.19132
16.42	1.18841
16.44	1.1855
16.46	1.18258
16.48	1.17965
16.5	1.17673
16.52	1.1738
16.54	1.17087
16.56	1.16794
16.58	1.16501
16.6	1.16207
16.62	1.15914
16.64	1.1562
16.66	1.15327
16.68	1.15033
16.7	1.14739
16.72	1.14446
16.74	1.14153
16.76	1.13859
16.78	1.13566
16.8	1.13273
16.82	1.12981
16.84	1.12688
16.86	1.12396
16.88	1.12104
16.9	1.11812
16.92	1.11521
16.94	1.1123
16.96	1.1094
16.98	1.10649
17	1.1036
17.02	1.1007
17.04	1.09781
17.06	1.09493
17.08	1.09205
17.1	1.08918
17.12	1.08631
17.14	1.08345
17.16	1.08059
17.18	1.07774
17.2	1.07489
17.22	1.07205
17.24	1.06922
17.26	1.06639
17.28	1.06357
17.3	1.06076
17.32	1.05795
17.34	1.05515
17.36	1.05236
17.38	1.04958
17.4	1.0468
17.42	1.04403
17.44	1.04127
17.46	1.03851
17.48	1.03576
17.5	1.03303
17.52	1.03029
17.54	1.02757
17.56	1.02486
17.58	1.02215
17.6	1.01945
17.62	1.01676
17.64	1.01408
17.66	1.01141
17.68	1.00875
17.7	1.00609
17.72	1.00345
17.74	1.00081
17.76	0.99818
17.78	0.995561
17.8	0.99295
17.82	0.990349
17.84	0.987757
17.86	0.985174
17.88	0.9826
17.9	0.980035
17.92	0.97748
17.94	0.974934
17.96	0.972398
17.98	0.96987
18	0.967353
18.02	0.964844
18.04	0.962345
18.06	0.959856
18.08	0.957376
18.1	0.954905
18.12	0.952445
18.14	0.949993
18.16	0.947552
18.18	0.945119
18.2	0.942697
18.22	0.940284
18.24	0.93788
18.26	0.935487
18.28	0.933102
18.3	0.930728
18.32	0.928363
18.34	0.926007
18.36	0.923662
18.38	0.921325
18.4	0.918999
18.42	0.916682
18.44	0.914374
18.46	0.912076
18.48	0.909788
18.5	0.907509
18.52	0.90524
18.54	0.90298
18.56	0.90073
18.58	0.898489
18.6	0.896258
18.62	0.894036
18.64	0.891824
18.66	0.889621
18.68	0.887427
18.7	0.885243
18.72	0.883068
18.74	0.880903
18.76	0.878747
18.78	0.8766
18.8	0.874462
18.82	0.872334
18.84	0.870215
18.86	0.868105
18.88	0.866004
18.9	0.863912
18.92	0.861829
18.94	0.859756
18.96	0.857691
18.98	0.855636
19	0.853589
19.02	0.851551
19.04	0.849523
19.06	0.847503
19.08	0.845492
19.1	0.84349
19.12	0.841496
19.14	0.839512
19.16	0.837536
19.18	0.835569
19.2	0.83361
19.22	0.83166
19.24	0.829719
19.26	0.827786
19.28	0.825862
19.3	0.823946
19.32	0.822038
19.34	0.820139
19.36	0.818249
19.38	0.816367
19.4	0.814493
19.42	0.812627
19.44	0.810769
19.46	0.80892
19.48	0.807079
19.5	0.805246
19.52	0.803421
19.54	0.801604
19.56	0.799795
19.58	0.797994
19.6	0.796201
19.62	0.794416
19.64	0.792638
19.66	0.790869
19.68	0.789107
19.7	0.787353
19.72	0.785607
19.74	0.783868
19.76	0.782137
19.78	0.780414
19.8	0.778698
19.82	0.776989
19.84	0.775288
19.86	0.773595
19.88	0.771909
19.9	0.77023
19.92	0.768559
19.94	0.766895
19.96	0.765238
19.98	0.763588
20	0.761946
