2e-06	-353.579
4e-06	-265.172
6e-06	-220.974
8e-06	-193.352
1e-05	-174.016
1.2e-05	-159.514
1.4e-05	-148.12
1.6e-05	-138.863
1.8e-05	-131.148
2e-05	-124.591
2.2e-05	-118.927
2.4e-05	-113.972
2.6e-05	-109.588
2.8e-05	-105.675
3e-05	-102.152
3.2e-05	-98.9598
3.4e-05	-96.0492
3.6e-05	-93.3811
3.8e-05	-90.9237
4e-05	-88.6506
4.2e-05	-86.5399
4.4e-05	-84.5731
4.6e-05	-82.7345
4.8e-05	-81.0109
5e-05	-79.3907
5.2e-05	-77.8639
5.4e-05	-76.422
5.6e-05	-75.0573
5.8e-05	-73.7632
6e-05	-72.5338
6.2e-05	-71.3639
6.4e-05	-70.2488
6.6e-05	-69.1845
6.8e-05	-68.167
7e-05	-67.1932
7.2e-05	-66.26
7.4e-05	-65.3646
7.6e-05	-64.5045
7.8e-05	-63.6775
8e-05	-62.8816
8.2e-05	-62.1147
8.4e-05	-61.3753
8.6e-05	-60.6616
8.8e-05	-59.9722
9e-05	-59.3059
9.2e-05	-58.6613
9.4e-05	-58.0372
9.6e-05	-57.4326
9.8e-05	-56.8466
0.0001	-56.2781
0.000102	-55.7264
0.000104	-55.1906
0.000106	-54.6699
0.000108	-54.1637
0.00011	-53.6713
0.000112	-53.1921
0.000114	-52.7255
0.000116	-52.2709
0.000118	-51.828
0.00012	-51.3961
0.000122	-50.9748
0.000124	-50.5637
0.000126	-50.1624
0.000128	-49.7705
0.00013	-49.3877
0.000132	-49.0135
0.000134	-48.6477
0.000136	-48.29
0.000138	-47.9401
0.00014	-47.5977
0.000142	-47.2625
0.000144	-46.9343
0.000146	-46.6128
0.000148	-46.2979
0.00015	-45.9892
0.000152	-45.6866
0.000154	-45.39
0.000156	-45.099
0.000158	-44.8136
0.00016	-44.5335
0.000162	-44.2586
0.000164	-43.9887
0.000166	-43.7237
0.000168	-43.4635
0.00017	-43.2078
0.000172	-42.9566
0.000174	-42.7097
0.000176	-42.467
0.000178	-42.2285
0.00018	-41.9939
0.000182	-41.7631
0.000184	-41.5362
0.000186	-41.3128
0.000188	-41.0931
0.00019	-40.8768
0.000192	-40.6639
0.000194	-40.4543
0.000196	-40.2479
0.000198	-40.0446
0.0002	-39.8444
0.000202	-39.6472
0.000204	-39.4528
0.000206	-39.2613
0.000208	-39.0725
0.00021	-38.8865
0.000212	-38.703
0.000214	-38.5222
0.000216	-38.3438
0.000218	-38.168
0.00022	-37.9945
0.000222	-37.8233
0.000224	-37.6545
0.000226	-37.4879
0.000228	-37.3234
0.00023	-37.1612
0.000232	-37.001
0.000234	-36.8429
0.000236	-36.6867
0.000238	-36.5326
0.00024	-36.3804
0.000242	-36.23
0.000244	-36.0816
0.000246	-35.9349
0.000248	-35.79
0.00025	-35.6468
0.000252	-35.5054
0.000254	-35.3656
0.000256	-35.2274
0.000258	-35.0909
0.00026	-34.9559
0.000262	-34.8225
0.000264	-34.6906
0.000266	-34.5602
0.000268	-34.4312
0.00027	-34.3037
0.000272	-34.1776
0.000274	-34.0529
0.000276	-33.9295
0.000278	-33.8074
0.00028	-33.6867
0.000282	-33.5672
0.000284	-33.449
0.000286	-33.3321
0.000288	-33.2164
0.00029	-33.1018
0.000292	-32.9885
0.000294	-32.8762
0.000296	-32.7652
0.000298	-32.6552
0.0003	-32.5464
0.000302	-32.4386
0.000304	-32.3319
0.000306	-32.2262
0.000308	-32.1216
0.00031	-32.018
0.000312	-31.9154
0.000314	-31.8137
0.000316	-31.7131
0.000318	-31.6133
0.00032	-31.5145
0.000322	-31.4167
0.000324	-31.3197
0.000326	-31.2236
0.000328	-31.1284
0.00033	-31.0341
0.000332	-30.9406
0.000334	-30.848
0.000336	-30.7562
0.000338	-30.6652
0.00034	-30.575
0.000342	-30.4856
0.000344	-30.397
0.000346	-30.3091
0.000348	-30.222
0.00035	-30.1357
0.000352	-30.0501
0.000354	-29.9652
0.000356	-29.881
0.000358	-29.7975
0.00036	-29.7148
0.000362	-29.6327
0.000364	-29.5513
0.000366	-29.4705
0.000368	-29.3904
0.00037	-29.311
0.000372	-29.2322
0.000374	-29.1541
0.000376	-29.0765
0.000378	-28.9996
0.00038	-28.9233
0.000382	-28.8476
0.000384	-28.7724
0.000386	-28.6979
0.000388	-28.6239
0.00039	-28.5505
0.000392	-28.4777
0.000394	-28.4054
0.000396	-28.3337
0.000398	-28.2625
0.0004	-28.1919
0.000402	-28.1217
0.000404	-28.0521
0.000406	-27.983
0.000408	-27.9144
0.00041	-27.8464
0.000412	-27.7788
0.000414	-27.7117
0.000416	-27.6451
0.000418	-27.5789
0.00042	-27.5133
0.000422	-27.4481
0.000424	-27.3833
0.000426	-27.319
0.000428	-27.2552
0.00043	-27.1918
0.000432	-27.1289
0.000434	-27.0664
0.000436	-27.0043
0.000438	-26.9426
0.00044	-26.8814
0.000442	-26.8206
0.000444	-26.7602
0.000446	-26.7002
0.000448	-26.6406
0.00045	-26.5814
0.000452	-26.5226
0.000454	-26.4642
0.000456	-26.4061
0.000458	-26.3485
0.00046	-26.2912
0.000462	-26.2343
0.000464	-26.1777
0.000466	-26.1216
0.000468	-26.0657
0.00047	-26.0103
0.000472	-25.9552
0.000474	-25.9004
0.000476	-25.846
0.000478	-25.7919
0.00048	-25.7382
0.000482	-25.6848
0.000484	-25.6317
0.000486	-25.579
0.000488	-25.5266
0.00049	-25.4745
0.000492	-25.4227
0.000494	-25.3713
0.000496	-25.3201
0.000498	-25.2693
0.0005	-25.2187
0.000502	-25.1685
0.000504	-25.1185
0.000506	-25.0689
0.000508	-25.0196
0.00051	-24.9705
0.000512	-24.9217
0.000514	-24.8732
0.000516	-24.825
0.000518	-24.7771
0.00052	-24.7295
0.000522	-24.6821
0.000524	-24.635
0.000526	-24.5881
0.000528	-24.5416
0.00053	-24.4953
0.000532	-24.4492
0.000534	-24.4034
0.000536	-24.3579
0.000538	-24.3126
0.00054	-24.2676
0.000542	-24.2228
0.000544	-24.1783
0.000546	-24.134
0.000548	-24.09
0.00055	-24.0462
0.000552	-24.0026
0.000554	-23.9593
0.000556	-23.9162
0.000558	-23.8734
0.00056	-23.8307
0.000562	-23.7883
0.000564	-23.7461
0.000566	-23.7042
0.000568	-23.6625
0.00057	-23.6209
0.000572	-23.5796
0.000574	-23.5386
0.000576	-23.4977
0.000578	-23.457
0.00058	-23.4166
0.000582	-23.3764
0.000584	-23.3363
0.000586	-23.2965
0.000588	-23.2569
0.00059	-23.2175
0.000592	-23.1783
0.000594	-23.1392
0.000596	-23.1004
0.000598	-23.0618
0.0006	-23.0234
0.000602	-22.9851
0.000604	-22.9471
0.000606	-22.9092
0.000608	-22.8715
0.00061	-22.834
0.000612	-22.7967
0.000614	-22.7596
0.000616	-22.7226
0.000618	-22.6859
0.00062	-22.6493
0.000622	-22.6129
0.000624	-22.5766
0.000626	-22.5406
0.000628	-22.5047
0.00063	-22.4689
0.000632	-22.4334
0.000634	-22.398
0.000636	-22.3628
0.000638	-22.3277
0.00064	-22.2928
0.000642	-22.2581
0.000644	-22.2236
0.000646	-22.1892
0.000648	-22.1549
0.00065	-22.1208
0.000652	-22.0869
0.000654	-22.0531
0.000656	-22.0195
0.000658	-21.986
0.00066	-21.9527
0.000662	-21.9196
0.000664	-21.8866
0.000666	-21.8537
0.000668	-21.821
0.00067	-21.7884
0.000672	-21.756
0.000674	-21.7237
0.000676	-21.6916
0.000678	-21.6596
0.00068	-21.6277
0.000682	-21.596
0.000684	-21.5644
0.000686	-21.533
0.000688	-21.5017
0.00069	-21.4706
0.000692	-21.4395
0.000694	-21.4086
0.000696	-21.3779
0.000698	-21.3472
0.0007	-21.3167
0.000702	-21.2864
0.000704	-21.2561
0.000706	-21.226
0.000708	-21.1961
0.00071	-21.1662
0.000712	-21.1365
0.000714	-21.1069
0.000716	-21.0774
0.000718	-21.048
0.00072	-21.0188
0.000722	-20.9897
0.000724	-20.9607
0.000726	-20.9318
0.000728	-20.9031
0.00073	-20.8744
0.000732	-20.8459
0.000734	-20.8175
0.000736	-20.7892
0.000738	-20.7611
0.00074	-20.733
0.000742	-20.7051
0.000744	-20.6772
0.000746	-20.6495
0.000748	-20.6219
0.00075	-20.5944
0.000752	-20.567
0.000754	-20.5398
0.000756	-20.5126
0.000758	-20.4855
0.00076	-20.4586
0.000762	-20.4317
0.000764	-20.405
0.000766	-20.3783
0.000768	-20.3518
0.00077	-20.3254
0.000772	-20.2991
0.000774	-20.2728
0.000776	-20.2467
0.000778	-20.2207
0.00078	-20.1948
0.000782	-20.1689
0.000784	-20.1432
0.000786	-20.1176
0.000788	-20.092
0.00079	-20.0666
0.000792	-20.0413
0.000794	-20.016
0.000796	-19.9909
0.000798	-19.9658
0.0008	-19.9409
0.000802	-19.916
0.000804	-19.8912
0.000806	-19.8666
0.000808	-19.842
0.00081	-19.8175
0.000812	-19.7931
0.000814	-19.7688
0.000816	-19.7445
0.000818	-19.7204
0.00082	-19.6964
0.000822	-19.6724
0.000824	-19.6485
0.000826	-19.6247
0.000828	-19.601
0.00083	-19.5774
0.000832	-19.5539
0.000834	-19.5304
0.000836	-19.5071
0.000838	-19.4838
0.00084	-19.4606
0.000842	-19.4375
0.000844	-19.4145
0.000846	-19.3915
0.000848	-19.3686
0.00085	-19.3459
0.000852	-19.3231
0.000854	-19.3005
0.000856	-19.278
0.000858	-19.2555
0.00086	-19.2331
0.000862	-19.2108
0.000864	-19.1886
0.000866	-19.1664
0.000868	-19.1443
0.00087	-19.1223
0.000872	-19.1004
0.000874	-19.0785
0.000876	-19.0568
0.000878	-19.0351
0.00088	-19.0134
0.000882	-18.9919
0.000884	-18.9704
0.000886	-18.949
0.000888	-18.9276
0.00089	-18.9064
0.000892	-18.8852
0.000894	-18.864
0.000896	-18.843
0.000898	-18.822
0.0009	-18.8011
0.000902	-18.7803
0.000904	-18.7595
0.000906	-18.7388
0.000908	-18.7181
0.00091	-18.6976
0.000912	-18.6771
0.000914	-18.6566
0.000916	-18.6363
0.000918	-18.616
0.00092	-18.5957
0.000922	-18.5756
0.000924	-18.5555
0.000926	-18.5354
0.000928	-18.5154
0.00093	-18.4955
0.000932	-18.4757
0.000934	-18.4559
0.000936	-18.4362
0.000938	-18.4165
0.00094	-18.3969
0.000942	-18.3774
0.000944	-18.3579
0.000946	-18.3385
0.000948	-18.3192
0.00095	-18.2999
0.000952	-18.2807
0.000954	-18.2615
0.000956	-18.2424
0.000958	-18.2234
0.00096	-18.2044
0.000962	-18.1855
0.000964	-18.1666
0.000966	-18.1478
0.000968	-18.1291
0.00097	-18.1104
0.000972	-18.0917
0.000974	-18.0732
0.000976	-18.0546
0.000978	-18.0362
0.00098	-18.0178
0.000982	-17.9994
0.000984	-17.9811
0.000986	-17.9629
0.000988	-17.9447
0.00099	-17.9266
0.000992	-17.9085
0.000994	-17.8905
0.000996	-17.8725
0.000998	-17.8546
0.001	-17.8368
0.001002	-17.819
0.001004	-17.8012
0.001006	-17.7835
0.001008	-17.7659
0.00101	-17.7483
0.001012	-17.7308
0.001014	-17.7133
0.001016	-17.6958
0.001018	-17.6785
0.00102	-17.6611
0.001022	-17.6439
0.001024	-17.6266
0.001026	-17.6094
0.001028	-17.5923
0.00103	-17.5752
0.001032	-17.5582
0.001034	-17.5412
0.001036	-17.5243
0.001038	-17.5074
0.00104	-17.4906
0.001042	-17.4738
0.001044	-17.457
0.001046	-17.4404
0.001048	-17.4237
0.00105	-17.4071
0.001052	-17.3906
0.001054	-17.3741
0.001056	-17.3576
0.001058	-17.3412
0.00106	-17.3249
0.001062	-17.3085
0.001064	-17.2923
0.001066	-17.2761
0.001068	-17.2599
0.00107	-17.2438
0.001072	-17.2277
0.001074	-17.2116
0.001076	-17.1956
0.001078	-17.1797
0.00108	-17.1638
0.001082	-17.1479
0.001084	-17.1321
0.001086	-17.1163
0.001088	-17.1006
0.00109	-17.0849
0.001092	-17.0692
0.001094	-17.0536
0.001096	-17.0381
0.001098	-17.0226
0.0011	-17.0071
0.001102	-16.9917
0.001104	-16.9763
0.001106	-16.9609
0.001108	-16.9456
0.00111	-16.9303
0.001112	-16.9151
0.001114	-16.8999
0.001116	-16.8848
0.001118	-16.8697
0.00112	-16.8546
0.001122	-16.8396
0.001124	-16.8246
0.001126	-16.8097
0.001128	-16.7948
0.00113	-16.7799
0.001132	-16.7651
0.001134	-16.7503
0.001136	-16.7356
0.001138	-16.7209
0.00114	-16.7062
0.001142	-16.6916
0.001144	-16.677
0.001146	-16.6624
0.001148	-16.6479
0.00115	-16.6334
0.001152	-16.619
0.001154	-16.6046
0.001156	-16.5902
0.001158	-16.5759
0.00116	-16.5616
0.001162	-16.5474
0.001164	-16.5331
0.001166	-16.519
0.001168	-16.5048
0.00117	-16.4907
0.001172	-16.4766
0.001174	-16.4626
0.001176	-16.4486
0.001178	-16.4346
0.00118	-16.4207
0.001182	-16.4068
0.001184	-16.393
0.001186	-16.3791
0.001188	-16.3654
0.00119	-16.3516
0.001192	-16.3379
0.001194	-16.3242
0.001196	-16.3106
0.001198	-16.2969
0.0012	-16.2834
0.001202	-16.2698
0.001204	-16.2563
0.001206	-16.2428
0.001208	-16.2294
0.00121	-16.216
0.001212	-16.2026
0.001214	-16.1892
0.001216	-16.1759
0.001218	-16.1626
0.00122	-16.1494
0.001222	-16.1362
0.001224	-16.123
0.001226	-16.1098
0.001228	-16.0967
0.00123	-16.0836
0.001232	-16.0706
0.001234	-16.0576
0.001236	-16.0446
0.001238	-16.0316
0.00124	-16.0187
0.001242	-16.0058
0.001244	-15.9929
0.001246	-15.9801
0.001248	-15.9673
0.00125	-15.9545
0.001252	-15.9418
0.001254	-15.929
0.001256	-15.9164
0.001258	-15.9037
0.00126	-15.8911
0.001262	-15.8785
0.001264	-15.8659
0.001266	-15.8534
0.001268	-15.8409
0.00127	-15.8284
0.001272	-15.816
0.001274	-15.8036
0.001276	-15.7912
0.001278	-15.7788
0.00128	-15.7665
0.001282	-15.7542
0.001284	-15.7419
0.001286	-15.7297
0.001288	-15.7175
0.00129	-15.7053
0.001292	-15.6931
0.001294	-15.681
0.001296	-15.6689
0.001298	-15.6568
0.0013	-15.6448
0.001302	-15.6328
0.001304	-15.6208
0.001306	-15.6088
0.001308	-15.5969
0.00131	-15.585
0.001312	-15.5731
0.001314	-15.5613
0.001316	-15.5494
0.001318	-15.5376
0.00132	-15.5259
0.001322	-15.5141
0.001324	-15.5024
0.001326	-15.4907
0.001328	-15.479
0.00133	-15.4674
0.001332	-15.4558
0.001334	-15.4442
0.001336	-15.4327
0.001338	-15.4211
0.00134	-15.4096
0.001342	-15.3981
0.001344	-15.3867
0.001346	-15.3752
0.001348	-15.3638
0.00135	-15.3525
0.001352	-15.3411
0.001354	-15.3298
0.001356	-15.3185
0.001358	-15.3072
0.00136	-15.2959
0.001362	-15.2847
0.001364	-15.2735
0.001366	-15.2623
0.001368	-15.2512
0.00137	-15.24
0.001372	-15.2289
0.001374	-15.2178
0.001376	-15.2068
0.001378	-15.1957
0.00138	-15.1847
0.001382	-15.1737
0.001384	-15.1628
0.001386	-15.1518
0.001388	-15.1409
0.00139	-15.13
0.001392	-15.1192
0.001394	-15.1083
0.001396	-15.0975
0.001398	-15.0867
0.0014	-15.0759
0.001402	-15.0652
0.001404	-15.0544
0.001406	-15.0437
0.001408	-15.033
0.00141	-15.0224
0.001412	-15.0117
0.001414	-15.0011
0.001416	-14.9905
0.001418	-14.98
0.00142	-14.9694
0.001422	-14.9589
0.001424	-14.9484
0.001426	-14.9379
0.001428	-14.9274
0.00143	-14.917
0.001432	-14.9066
0.001434	-14.8962
0.001436	-14.8858
0.001438	-14.8755
0.00144	-14.8651
0.001442	-14.8548
0.001444	-14.8445
0.001446	-14.8343
0.001448	-14.824
0.00145	-14.8138
0.001452	-14.8036
0.001454	-14.7934
0.001456	-14.7832
0.001458	-14.7731
0.00146	-14.763
0.001462	-14.7529
0.001464	-14.7428
0.001466	-14.7328
0.001468	-14.7227
0.00147	-14.7127
0.001472	-14.7027
0.001474	-14.6927
0.001476	-14.6828
0.001478	-14.6728
0.00148	-14.6629
0.001482	-14.653
0.001484	-14.6432
0.001486	-14.6333
0.001488	-14.6235
0.00149	-14.6137
0.001492	-14.6039
0.001494	-14.5941
0.001496	-14.5843
0.001498	-14.5746
0.0015	-14.5649
0.001502	-14.5552
0.001504	-14.5455
0.001506	-14.5359
0.001508	-14.5262
0.00151	-14.5166
0.001512	-14.507
0.001514	-14.4974
0.001516	-14.4878
0.001518	-14.4783
0.00152	-14.4688
0.001522	-14.4593
0.001524	-14.4498
0.001526	-14.4403
0.001528	-14.4309
0.00153	-14.4214
0.001532	-14.412
0.001534	-14.4026
0.001536	-14.3932
0.001538	-14.3839
0.00154	-14.3745
0.001542	-14.3652
0.001544	-14.3559
0.001546	-14.3466
0.001548	-14.3374
0.00155	-14.3281
0.001552	-14.3189
0.001554	-14.3097
0.001556	-14.3005
0.001558	-14.2913
0.00156	-14.2821
0.001562	-14.273
0.001564	-14.2639
0.001566	-14.2548
0.001568	-14.2457
0.00157	-14.2366
0.001572	-14.2275
0.001574	-14.2185
0.001576	-14.2095
0.001578	-14.2005
0.00158	-14.1915
0.001582	-14.1825
0.001584	-14.1736
0.001586	-14.1646
0.001588	-14.1557
0.00159	-14.1468
0.001592	-14.1379
0.001594	-14.129
0.001596	-14.1202
0.001598	-14.1114
0.0016	-14.1025
0.001602	-14.0937
0.001604	-14.0849
0.001606	-14.0762
0.001608	-14.0674
0.00161	-14.0587
0.001612	-14.05
0.001614	-14.0413
0.001616	-14.0326
0.001618	-14.0239
0.00162	-14.0152
0.001622	-14.0066
0.001624	-13.998
0.001626	-13.9894
0.001628	-13.9808
0.00163	-13.9722
0.001632	-13.9636
0.001634	-13.9551
0.001636	-13.9466
0.001638	-13.938
0.00164	-13.9295
0.001642	-13.9211
0.001644	-13.9126
0.001646	-13.9041
0.001648	-13.8957
0.00165	-13.8873
0.001652	-13.8789
0.001654	-13.8705
0.001656	-13.8621
0.001658	-13.8537
0.00166	-13.8454
0.001662	-13.8371
0.001664	-13.8288
0.001666	-13.8205
0.001668	-13.8122
0.00167	-13.8039
0.001672	-13.7956
0.001674	-13.7874
0.001676	-13.7792
0.001678	-13.771
0.00168	-13.7628
0.001682	-13.7546
0.001684	-13.7464
0.001686	-13.7383
0.001688	-13.7301
0.00169	-13.722
0.001692	-13.7139
0.001694	-13.7058
0.001696	-13.6977
0.001698	-13.6896
0.0017	-13.6816
0.001702	-13.6736
0.001704	-13.6655
0.001706	-13.6575
0.001708	-13.6495
0.00171	-13.6415
0.001712	-13.6336
0.001714	-13.6256
0.001716	-13.6177
0.001718	-13.6098
0.00172	-13.6018
0.001722	-13.5939
0.001724	-13.5861
0.001726	-13.5782
0.001728	-13.5703
0.00173	-13.5625
0.001732	-13.5547
0.001734	-13.5468
0.001736	-13.539
0.001738	-13.5312
0.00174	-13.5235
0.001742	-13.5157
0.001744	-13.508
0.001746	-13.5002
0.001748	-13.4925
0.00175	-13.4848
0.001752	-13.4771
0.001754	-13.4694
0.001756	-13.4617
0.001758	-13.4541
0.00176	-13.4464
0.001762	-13.4388
0.001764	-13.4312
0.001766	-13.4236
0.001768	-13.416
0.00177	-13.4084
0.001772	-13.4008
0.001774	-13.3933
0.001776	-13.3857
0.001778	-13.3782
0.00178	-13.3707
0.001782	-13.3632
0.001784	-13.3557
0.001786	-13.3482
0.001788	-13.3408
0.00179	-13.3333
0.001792	-13.3259
0.001794	-13.3184
0.001796	-13.311
0.001798	-13.3036
0.0018	-13.2962
0.001802	-13.2889
0.001804	-13.2815
0.001806	-13.2741
0.001808	-13.2668
0.00181	-13.2595
0.001812	-13.2521
0.001814	-13.2448
0.001816	-13.2375
0.001818	-13.2303
0.00182	-13.223
0.001822	-13.2157
0.001824	-13.2085
0.001826	-13.2013
0.001828	-13.194
0.00183	-13.1868
0.001832	-13.1796
0.001834	-13.1724
0.001836	-13.1653
0.001838	-13.1581
0.00184	-13.151
0.001842	-13.1438
0.001844	-13.1367
0.001846	-13.1296
0.001848	-13.1225
0.00185	-13.1154
0.001852	-13.1083
0.001854	-13.1012
0.001856	-13.0942
0.001858	-13.0871
0.00186	-13.0801
0.001862	-13.0731
0.001864	-13.066
0.001866	-13.059
0.001868	-13.052
0.00187	-13.0451
0.001872	-13.0381
0.001874	-13.0311
0.001876	-13.0242
0.001878	-13.0173
0.00188	-13.0103
0.001882	-13.0034
0.001884	-12.9965
0.001886	-12.9896
0.001888	-12.9827
0.00189	-12.9759
0.001892	-12.969
0.001894	-12.9622
0.001896	-12.9553
0.001898	-12.9485
0.0019	-12.9417
0.001902	-12.9349
0.001904	-12.9281
0.001906	-12.9213
0.001908	-12.9145
0.00191	-12.9078
0.001912	-12.901
0.001914	-12.8943
0.001916	-12.8876
0.001918	-12.8808
0.00192	-12.8741
0.001922	-12.8674
0.001924	-12.8607
0.001926	-12.8541
0.001928	-12.8474
0.00193	-12.8407
0.001932	-12.8341
0.001934	-12.8275
0.001936	-12.8208
0.001938	-12.8142
0.00194	-12.8076
0.001942	-12.801
0.001944	-12.7944
0.001946	-12.7879
0.001948	-12.7813
0.00195	-12.7747
0.001952	-12.7682
0.001954	-12.7617
0.001956	-12.7551
0.001958	-12.7486
0.00196	-12.7421
0.001962	-12.7356
0.001964	-12.7291
0.001966	-12.7227
0.001968	-12.7162
0.00197	-12.7097
0.001972	-12.7033
0.001974	-12.6969
0.001976	-12.6904
0.001978	-12.684
0.00198	-12.6776
0.001982	-12.6712
0.001984	-12.6648
0.001986	-12.6585
0.001988	-12.6521
0.00199	-12.6457
0.001992	-12.6394
0.001994	-12.633
0.001996	-12.6267
0.001998	-12.6204
0.002	-12.6141
0.002002	-12.6078
0.002004	-12.6015
0.002006	-12.5952
0.002008	-12.5889
0.00201	-12.5827
0.002012	-12.5764
0.002014	-12.5702
0.002016	-12.5639
0.002018	-12.5577
0.00202	-12.5515
0.002022	-12.5453
0.002024	-12.5391
0.002026	-12.5329
0.002028	-12.5267
0.00203	-12.5206
0.002032	-12.5144
0.002034	-12.5082
0.002036	-12.5021
0.002038	-12.496
0.00204	-12.4898
0.002042	-12.4837
0.002044	-12.4776
0.002046	-12.4715
0.002048	-12.4654
0.00205	-12.4593
0.002052	-12.4533
0.002054	-12.4472
0.002056	-12.4412
0.002058	-12.4351
0.00206	-12.4291
0.002062	-12.423
0.002064	-12.417
0.002066	-12.411
0.002068	-12.405
0.00207	-12.399
0.002072	-12.393
0.002074	-12.3871
0.002076	-12.3811
0.002078	-12.3751
0.00208	-12.3692
0.002082	-12.3632
0.002084	-12.3573
0.002086	-12.3514
0.002088	-12.3455
0.00209	-12.3396
0.002092	-12.3337
0.002094	-12.3278
0.002096	-12.3219
0.002098	-12.316
0.0021	-12.3102
0.002102	-12.3043
0.002104	-12.2985
0.002106	-12.2926
0.002108	-12.2868
0.00211	-12.281
0.002112	-12.2751
0.002114	-12.2693
0.002116	-12.2635
0.002118	-12.2578
0.00212	-12.252
0.002122	-12.2462
0.002124	-12.2404
0.002126	-12.2347
0.002128	-12.2289
0.00213	-12.2232
0.002132	-12.2174
0.002134	-12.2117
0.002136	-12.206
0.002138	-12.2003
0.00214	-12.1946
0.002142	-12.1889
0.002144	-12.1832
0.002146	-12.1775
0.002148	-12.1719
0.00215	-12.1662
0.002152	-12.1606
0.002154	-12.1549
0.002156	-12.1493
0.002158	-12.1436
0.00216	-12.138
0.002162	-12.1324
0.002164	-12.1268
0.002166	-12.1212
0.002168	-12.1156
0.00217	-12.11
0.002172	-12.1045
0.002174	-12.0989
0.002176	-12.0933
0.002178	-12.0878
0.00218	-12.0822
0.002182	-12.0767
0.002184	-12.0712
0.002186	-12.0656
0.002188	-12.0601
0.00219	-12.0546
0.002192	-12.0491
0.002194	-12.0436
0.002196	-12.0381
0.002198	-12.0327
0.0022	-12.0272
0.002202	-12.0217
0.002204	-12.0163
0.002206	-12.0108
0.002208	-12.0054
0.00221	-12
0.002212	-11.9945
0.002214	-11.9891
0.002216	-11.9837
0.002218	-11.9783
0.00222	-11.9729
0.002222	-11.9675
0.002224	-11.9621
0.002226	-11.9568
0.002228	-11.9514
0.00223	-11.946
0.002232	-11.9407
0.002234	-11.9353
0.002236	-11.93
0.002238	-11.9247
0.00224	-11.9194
0.002242	-11.914
0.002244	-11.9087
0.002246	-11.9034
0.002248	-11.8981
0.00225	-11.8928
0.002252	-11.8876
0.002254	-11.8823
0.002256	-11.877
0.002258	-11.8718
0.00226	-11.8665
0.002262	-11.8613
0.002264	-11.856
0.002266	-11.8508
0.002268	-11.8456
0.00227	-11.8403
0.002272	-11.8351
0.002274	-11.8299
0.002276	-11.8247
0.002278	-11.8195
0.00228	-11.8144
0.002282	-11.8092
0.002284	-11.804
0.002286	-11.7988
0.002288	-11.7937
0.00229	-11.7885
0.002292	-11.7834
0.002294	-11.7783
0.002296	-11.7731
0.002298	-11.768
0.0023	-11.7629
0.002302	-11.7578
0.002304	-11.7527
0.002306	-11.7476
0.002308	-11.7425
0.00231	-11.7374
0.002312	-11.7323
0.002314	-11.7273
0.002316	-11.7222
0.002318	-11.7171
0.00232	-11.7121
0.002322	-11.707
0.002324	-11.702
0.002326	-11.697
0.002328	-11.692
0.00233	-11.6869
0.002332	-11.6819
0.002334	-11.6769
0.002336	-11.6719
0.002338	-11.6669
0.00234	-11.6619
0.002342	-11.657
0.002344	-11.652
0.002346	-11.647
0.002348	-11.6421
0.00235	-11.6371
0.002352	-11.6322
0.002354	-11.6272
0.002356	-11.6223
0.002358	-11.6174
0.00236	-11.6124
0.002362	-11.6075
0.002364	-11.6026
0.002366	-11.5977
0.002368	-11.5928
0.00237	-11.5879
0.002372	-11.583
0.002374	-11.5781
0.002376	-11.5733
0.002378	-11.5684
0.00238	-11.5635
0.002382	-11.5587
0.002384	-11.5538
0.002386	-11.549
0.002388	-11.5442
0.00239	-11.5393
0.002392	-11.5345
0.002394	-11.5297
0.002396	-11.5249
0.002398	-11.5201
0.0024	-11.5153
0.002402	-11.5105
0.002404	-11.5057
0.002406	-11.5009
0.002408	-11.4961
0.00241	-11.4914
0.002412	-11.4866
0.002414	-11.4818
0.002416	-11.4771
0.002418	-11.4723
0.00242	-11.4676
0.002422	-11.4629
0.002424	-11.4581
0.002426	-11.4534
0.002428	-11.4487
0.00243	-11.444
0.002432	-11.4393
0.002434	-11.4346
0.002436	-11.4299
0.002438	-11.4252
0.00244	-11.4205
0.002442	-11.4158
0.002444	-11.4112
0.002446	-11.4065
0.002448	-11.4018
0.00245	-11.3972
0.002452	-11.3925
0.002454	-11.3879
0.002456	-11.3833
0.002458	-11.3786
0.00246	-11.374
0.002462	-11.3694
0.002464	-11.3648
0.002466	-11.3602
0.002468	-11.3556
0.00247	-11.351
0.002472	-11.3464
0.002474	-11.3418
0.002476	-11.3372
0.002478	-11.3326
0.00248	-11.3281
0.002482	-11.3235
0.002484	-11.3189
0.002486	-11.3144
0.002488	-11.3098
0.00249	-11.3053
0.002492	-11.3008
0.002494	-11.2962
0.002496	-11.2917
0.002498	-11.2872
0.0025	-11.2827
0.002502	-11.2782
0.002504	-11.2737
0.002506	-11.2692
0.002508	-11.2647
0.00251	-11.2602
0.002512	-11.2557
0.002514	-11.2512
0.002516	-11.2467
0.002518	-11.2423
0.00252	-11.2378
0.002522	-11.2334
0.002524	-11.2289
0.002526	-11.2245
0.002528	-11.22
0.00253	-11.2156
0.002532	-11.2112
0.002534	-11.2067
0.002536	-11.2023
0.002538	-11.1979
0.00254	-11.1935
0.002542	-11.1891
0.002544	-11.1847
0.002546	-11.1803
0.002548	-11.1759
0.00255	-11.1715
0.002552	-11.1671
0.002554	-11.1628
0.002556	-11.1584
0.002558	-11.154
0.00256	-11.1497
0.002562	-11.1453
0.002564	-11.141
0.002566	-11.1366
0.002568	-11.1323
0.00257	-11.128
0.002572	-11.1237
0.002574	-11.1193
0.002576	-11.115
0.002578	-11.1107
0.00258	-11.1064
0.002582	-11.1021
0.002584	-11.0978
0.002586	-11.0935
0.002588	-11.0892
0.00259	-11.0849
0.002592	-11.0807
0.002594	-11.0764
0.002596	-11.0721
0.002598	-11.0679
0.0026	-11.0636
0.002602	-11.0594
0.002604	-11.0551
0.002606	-11.0509
0.002608	-11.0466
0.00261	-11.0424
0.002612	-11.0382
0.002614	-11.0339
0.002616	-11.0297
0.002618	-11.0255
0.00262	-11.0213
0.002622	-11.0171
0.002624	-11.0129
0.002626	-11.0087
0.002628	-11.0045
0.00263	-11.0003
0.002632	-10.9962
0.002634	-10.992
0.002636	-10.9878
0.002638	-10.9836
0.00264	-10.9795
0.002642	-10.9753
0.002644	-10.9712
0.002646	-10.967
0.002648	-10.9629
0.00265	-10.9588
0.002652	-10.9546
0.002654	-10.9505
0.002656	-10.9464
0.002658	-10.9423
0.00266	-10.9381
0.002662	-10.934
0.002664	-10.9299
0.002666	-10.9258
0.002668	-10.9217
0.00267	-10.9176
0.002672	-10.9136
0.002674	-10.9095
0.002676	-10.9054
0.002678	-10.9013
0.00268	-10.8973
0.002682	-10.8932
0.002684	-10.8891
0.002686	-10.8851
0.002688	-10.881
0.00269	-10.877
0.002692	-10.8729
0.002694	-10.8689
0.002696	-10.8649
0.002698	-10.8609
0.0027	-10.8568
0.002702	-10.8528
0.002704	-10.8488
0.002706	-10.8448
0.002708	-10.8408
0.00271	-10.8368
0.002712	-10.8328
0.002714	-10.8288
0.002716	-10.8248
0.002718	-10.8208
0.00272	-10.8168
0.002722	-10.8129
0.002724	-10.8089
0.002726	-10.8049
0.002728	-10.801
0.00273	-10.797
0.002732	-10.7931
0.002734	-10.7891
0.002736	-10.7852
0.002738	-10.7812
0.00274	-10.7773
0.002742	-10.7734
0.002744	-10.7694
0.002746	-10.7655
0.002748	-10.7616
0.00275	-10.7577
0.002752	-10.7538
0.002754	-10.7499
0.002756	-10.746
0.002758	-10.7421
0.00276	-10.7382
0.002762	-10.7343
0.002764	-10.7304
0.002766	-10.7265
0.002768	-10.7227
0.00277	-10.7188
0.002772	-10.7149
0.002774	-10.7111
0.002776	-10.7072
0.002778	-10.7034
0.00278	-10.6995
0.002782	-10.6957
0.002784	-10.6918
0.002786	-10.688
0.002788	-10.6841
0.00279	-10.6803
0.002792	-10.6765
0.002794	-10.6727
0.002796	-10.6689
0.002798	-10.665
0.0028	-10.6612
0.002802	-10.6574
0.002804	-10.6536
0.002806	-10.6498
0.002808	-10.646
0.00281	-10.6422
0.002812	-10.6385
0.002814	-10.6347
0.002816	-10.6309
0.002818	-10.6271
0.00282	-10.6234
0.002822	-10.6196
0.002824	-10.6158
0.002826	-10.6121
0.002828	-10.6083
0.00283	-10.6046
0.002832	-10.6008
0.002834	-10.5971
0.002836	-10.5934
0.002838	-10.5896
0.00284	-10.5859
0.002842	-10.5822
0.002844	-10.5785
0.002846	-10.5747
0.002848	-10.571
0.00285	-10.5673
0.002852	-10.5636
0.002854	-10.5599
0.002856	-10.5562
0.002858	-10.5525
0.00286	-10.5488
0.002862	-10.5451
0.002864	-10.5415
0.002866	-10.5378
0.002868	-10.5341
0.00287	-10.5304
0.002872	-10.5268
0.002874	-10.5231
0.002876	-10.5194
0.002878	-10.5158
0.00288	-10.5121
0.002882	-10.5085
0.002884	-10.5048
0.002886	-10.5012
0.002888	-10.4976
0.00289	-10.4939
0.002892	-10.4903
0.002894	-10.4867
0.002896	-10.4831
0.002898	-10.4794
0.0029	-10.4758
0.002902	-10.4722
0.002904	-10.4686
0.002906	-10.465
0.002908	-10.4614
0.00291	-10.4578
0.002912	-10.4542
0.002914	-10.4506
0.002916	-10.4471
0.002918	-10.4435
0.00292	-10.4399
0.002922	-10.4363
0.002924	-10.4328
0.002926	-10.4292
0.002928	-10.4256
0.00293	-10.4221
0.002932	-10.4185
0.002934	-10.415
0.002936	-10.4114
0.002938	-10.4079
0.00294	-10.4043
0.002942	-10.4008
0.002944	-10.3973
0.002946	-10.3937
0.002948	-10.3902
0.00295	-10.3867
0.002952	-10.3832
0.002954	-10.3797
0.002956	-10.3761
0.002958	-10.3726
0.00296	-10.3691
0.002962	-10.3656
0.002964	-10.3621
0.002966	-10.3586
0.002968	-10.3552
0.00297	-10.3517
0.002972	-10.3482
0.002974	-10.3447
0.002976	-10.3412
0.002978	-10.3378
0.00298	-10.3343
0.002982	-10.3308
0.002984	-10.3274
0.002986	-10.3239
0.002988	-10.3204
0.00299	-10.317
0.002992	-10.3135
0.002994	-10.3101
0.002996	-10.3067
0.002998	-10.3032
0.003	-10.2998
0.003002	-10.2964
0.003004	-10.2929
0.003006	-10.2895
0.003008	-10.2861
0.00301	-10.2827
0.003012	-10.2793
0.003014	-10.2758
0.003016	-10.2724
0.003018	-10.269
0.00302	-10.2656
0.003022	-10.2622
0.003024	-10.2588
0.003026	-10.2555
0.003028	-10.2521
0.00303	-10.2487
0.003032	-10.2453
0.003034	-10.2419
0.003036	-10.2385
0.003038	-10.2352
0.00304	-10.2318
0.003042	-10.2284
0.003044	-10.2251
0.003046	-10.2217
0.003048	-10.2184
0.00305	-10.215
0.003052	-10.2117
0.003054	-10.2083
0.003056	-10.205
0.003058	-10.2017
0.00306	-10.1983
0.003062	-10.195
0.003064	-10.1917
0.003066	-10.1883
0.003068	-10.185
0.00307	-10.1817
0.003072	-10.1784
0.003074	-10.1751
0.003076	-10.1718
0.003078	-10.1685
0.00308	-10.1652
0.003082	-10.1619
0.003084	-10.1586
0.003086	-10.1553
0.003088	-10.152
0.00309	-10.1487
0.003092	-10.1454
0.003094	-10.1421
0.003096	-10.1389
0.003098	-10.1356
0.0031	-10.1323
0.003102	-10.1291
0.003104	-10.1258
0.003106	-10.1225
0.003108	-10.1193
0.00311	-10.116
0.003112	-10.1128
0.003114	-10.1095
0.003116	-10.1063
0.003118	-10.103
0.00312	-10.0998
0.003122	-10.0966
0.003124	-10.0933
0.003126	-10.0901
0.003128	-10.0869
0.00313	-10.0837
0.003132	-10.0804
0.003134	-10.0772
0.003136	-10.074
0.003138	-10.0708
0.00314	-10.0676
0.003142	-10.0644
0.003144	-10.0612
0.003146	-10.058
0.003148	-10.0548
0.00315	-10.0516
0.003152	-10.0484
0.003154	-10.0452
0.003156	-10.042
0.003158	-10.0389
0.00316	-10.0357
0.003162	-10.0325
0.003164	-10.0293
0.003166	-10.0262
0.003168	-10.023
0.00317	-10.0198
0.003172	-10.0167
0.003174	-10.0135
0.003176	-10.0104
0.003178	-10.0072
0.00318	-10.0041
0.003182	-10.0009
0.003184	-9.9978
0.003186	-9.99466
0.003188	-9.99153
0.00319	-9.98839
0.003192	-9.98527
0.003194	-9.98214
0.003196	-9.97902
0.003198	-9.9759
0.0032	-9.97278
0.003202	-9.96966
0.003204	-9.96655
0.003206	-9.96344
0.003208	-9.96034
0.00321	-9.95723
0.003212	-9.95413
0.003214	-9.95104
0.003216	-9.94794
0.003218	-9.94485
0.00322	-9.94176
0.003222	-9.93868
0.003224	-9.93559
0.003226	-9.93252
0.003228	-9.92944
0.00323	-9.92636
0.003232	-9.92329
0.003234	-9.92022
0.003236	-9.91716
0.003238	-9.9141
0.00324	-9.91104
0.003242	-9.90798
0.003244	-9.90492
0.003246	-9.90187
0.003248	-9.89882
0.00325	-9.89578
0.003252	-9.89274
0.003254	-9.8897
0.003256	-9.88666
0.003258	-9.88362
0.00326	-9.88059
0.003262	-9.87756
0.003264	-9.87454
0.003266	-9.87151
0.003268	-9.86849
0.00327	-9.86547
0.003272	-9.86246
0.003274	-9.85945
0.003276	-9.85644
0.003278	-9.85343
0.00328	-9.85043
0.003282	-9.84743
0.003284	-9.84443
0.003286	-9.84143
0.003288	-9.83844
0.00329	-9.83545
0.003292	-9.83246
0.003294	-9.82947
0.003296	-9.82649
0.003298	-9.82351
0.0033	-9.82054
0.003302	-9.81756
0.003304	-9.81459
0.003306	-9.81162
0.003308	-9.80866
0.00331	-9.80569
0.003312	-9.80273
0.003314	-9.79977
0.003316	-9.79682
0.003318	-9.79387
0.00332	-9.79092
0.003322	-9.78797
0.003324	-9.78502
0.003326	-9.78208
0.003328	-9.77914
0.00333	-9.77621
0.003332	-9.77327
0.003334	-9.77034
0.003336	-9.76741
0.003338	-9.76449
0.00334	-9.76156
0.003342	-9.75864
0.003344	-9.75572
0.003346	-9.75281
0.003348	-9.74989
0.00335	-9.74698
0.003352	-9.74408
0.003354	-9.74117
0.003356	-9.73827
0.003358	-9.73537
0.00336	-9.73247
0.003362	-9.72958
0.003364	-9.72668
0.003366	-9.72379
0.003368	-9.72091
0.00337	-9.71802
0.003372	-9.71514
0.003374	-9.71226
0.003376	-9.70938
0.003378	-9.70651
0.00338	-9.70364
0.003382	-9.70077
0.003384	-9.6979
0.003386	-9.69504
0.003388	-9.69218
0.00339	-9.68932
0.003392	-9.68646
0.003394	-9.68361
0.003396	-9.68076
0.003398	-9.67791
0.0034	-9.67506
0.003402	-9.67222
0.003404	-9.66937
0.003406	-9.66654
0.003408	-9.6637
0.00341	-9.66087
0.003412	-9.65803
0.003414	-9.65521
0.003416	-9.65238
0.003418	-9.64955
0.00342	-9.64673
0.003422	-9.64391
0.003424	-9.6411
0.003426	-9.63828
0.003428	-9.63547
0.00343	-9.63266
0.003432	-9.62986
0.003434	-9.62705
0.003436	-9.62425
0.003438	-9.62145
0.00344	-9.61865
0.003442	-9.61586
0.003444	-9.61307
0.003446	-9.61028
0.003448	-9.60749
0.00345	-9.60471
0.003452	-9.60192
0.003454	-9.59914
0.003456	-9.59637
0.003458	-9.59359
0.00346	-9.59082
0.003462	-9.58805
0.003464	-9.58528
0.003466	-9.58251
0.003468	-9.57975
0.00347	-9.57699
0.003472	-9.57423
0.003474	-9.57148
0.003476	-9.56872
0.003478	-9.56597
0.00348	-9.56322
0.003482	-9.56048
0.003484	-9.55773
0.003486	-9.55499
0.003488	-9.55225
0.00349	-9.54951
0.003492	-9.54678
0.003494	-9.54405
0.003496	-9.54132
0.003498	-9.53859
0.0035	-9.53586
0.003502	-9.53314
0.003504	-9.53042
0.003506	-9.5277
0.003508	-9.52499
0.00351	-9.52227
0.003512	-9.51956
0.003514	-9.51685
0.003516	-9.51414
0.003518	-9.51144
0.00352	-9.50874
0.003522	-9.50604
0.003524	-9.50334
0.003526	-9.50065
0.003528	-9.49795
0.00353	-9.49526
0.003532	-9.49257
0.003534	-9.48989
0.003536	-9.4872
0.003538	-9.48452
0.00354	-9.48184
0.003542	-9.47917
0.003544	-9.47649
0.003546	-9.47382
0.003548	-9.47115
0.00355	-9.46848
0.003552	-9.46582
0.003554	-9.46315
0.003556	-9.46049
0.003558	-9.45783
0.00356	-9.45518
0.003562	-9.45252
0.003564	-9.44987
0.003566	-9.44722
0.003568	-9.44457
0.00357	-9.44193
0.003572	-9.43928
0.003574	-9.43664
0.003576	-9.434
0.003578	-9.43137
0.00358	-9.42873
0.003582	-9.4261
0.003584	-9.42347
0.003586	-9.42084
0.003588	-9.41821
0.00359	-9.41559
0.003592	-9.41297
0.003594	-9.41035
0.003596	-9.40773
0.003598	-9.40512
0.0036	-9.40251
0.003602	-9.3999
0.003604	-9.39729
0.003606	-9.39468
0.003608	-9.39208
0.00361	-9.38948
0.003612	-9.38688
0.003614	-9.38428
0.003616	-9.38168
0.003618	-9.37909
0.00362	-9.3765
0.003622	-9.37391
0.003624	-9.37133
0.003626	-9.36874
0.003628	-9.36616
0.00363	-9.36358
0.003632	-9.361
0.003634	-9.35842
0.003636	-9.35585
0.003638	-9.35328
0.00364	-9.35071
0.003642	-9.34814
0.003644	-9.34558
0.003646	-9.34301
0.003648	-9.34045
0.00365	-9.33789
0.003652	-9.33534
0.003654	-9.33278
0.003656	-9.33023
0.003658	-9.32768
0.00366	-9.32513
0.003662	-9.32258
0.003664	-9.32004
0.003666	-9.3175
0.003668	-9.31496
0.00367	-9.31242
0.003672	-9.30988
0.003674	-9.30735
0.003676	-9.30482
0.003678	-9.30229
0.00368	-9.29976
0.003682	-9.29723
0.003684	-9.29471
0.003686	-9.29219
0.003688	-9.28967
0.00369	-9.28715
0.003692	-9.28463
0.003694	-9.28212
0.003696	-9.27961
0.003698	-9.2771
0.0037	-9.27459
0.003702	-9.27209
0.003704	-9.26958
0.003706	-9.26708
0.003708	-9.26458
0.00371	-9.26209
0.003712	-9.25959
0.003714	-9.2571
0.003716	-9.25461
0.003718	-9.25212
0.00372	-9.24963
0.003722	-9.24715
0.003724	-9.24466
0.003726	-9.24218
0.003728	-9.2397
0.00373	-9.23723
0.003732	-9.23475
0.003734	-9.23228
0.003736	-9.22981
0.003738	-9.22734
0.00374	-9.22487
0.003742	-9.2224
0.003744	-9.21994
0.003746	-9.21748
0.003748	-9.21502
0.00375	-9.21256
0.003752	-9.21011
0.003754	-9.20765
0.003756	-9.2052
0.003758	-9.20275
0.00376	-9.20031
0.003762	-9.19786
0.003764	-9.19542
0.003766	-9.19298
0.003768	-9.19054
0.00377	-9.1881
0.003772	-9.18566
0.003774	-9.18323
0.003776	-9.1808
0.003778	-9.17837
0.00378	-9.17594
0.003782	-9.17351
0.003784	-9.17109
0.003786	-9.16866
0.003788	-9.16624
0.00379	-9.16383
0.003792	-9.16141
0.003794	-9.15899
0.003796	-9.15658
0.003798	-9.15417
0.0038	-9.15176
0.003802	-9.14935
0.003804	-9.14695
0.003806	-9.14455
0.003808	-9.14214
0.00381	-9.13975
0.003812	-9.13735
0.003814	-9.13495
0.003816	-9.13256
0.003818	-9.13017
0.00382	-9.12778
0.003822	-9.12539
0.003824	-9.123
0.003826	-9.12062
0.003828	-9.11823
0.00383	-9.11585
0.003832	-9.11347
0.003834	-9.1111
0.003836	-9.10872
0.003838	-9.10635
0.00384	-9.10398
0.003842	-9.10161
0.003844	-9.09924
0.003846	-9.09687
0.003848	-9.09451
0.00385	-9.09215
0.003852	-9.08979
0.003854	-9.08743
0.003856	-9.08507
0.003858	-9.08272
0.00386	-9.08036
0.003862	-9.07801
0.003864	-9.07566
0.003866	-9.07332
0.003868	-9.07097
0.00387	-9.06863
0.003872	-9.06628
0.003874	-9.06394
0.003876	-9.06161
0.003878	-9.05927
0.00388	-9.05693
0.003882	-9.0546
0.003884	-9.05227
0.003886	-9.04994
0.003888	-9.04761
0.00389	-9.04529
0.003892	-9.04296
0.003894	-9.04064
0.003896	-9.03832
0.003898	-9.036
0.0039	-9.03368
0.003902	-9.03137
0.003904	-9.02906
0.003906	-9.02674
0.003908	-9.02443
0.00391	-9.02213
0.003912	-9.01982
0.003914	-9.01752
0.003916	-9.01521
0.003918	-9.01291
0.00392	-9.01061
0.003922	-9.00832
0.003924	-9.00602
0.003926	-9.00373
0.003928	-9.00143
0.00393	-8.99914
0.003932	-8.99685
0.003934	-8.99457
0.003936	-8.99228
0.003938	-8.99
0.00394	-8.98772
0.003942	-8.98544
0.003944	-8.98316
0.003946	-8.98088
0.003948	-8.97861
0.00395	-8.97633
0.003952	-8.97406
0.003954	-8.97179
0.003956	-8.96953
0.003958	-8.96726
0.00396	-8.965
0.003962	-8.96273
0.003964	-8.96047
0.003966	-8.95821
0.003968	-8.95595
0.00397	-8.9537
0.003972	-8.95144
0.003974	-8.94919
0.003976	-8.94694
0.003978	-8.94469
0.00398	-8.94244
0.003982	-8.9402
0.003984	-8.93795
0.003986	-8.93571
0.003988	-8.93347
0.00399	-8.93123
0.003992	-8.929
0.003994	-8.92676
0.003996	-8.92453
0.003998	-8.92229
0.004	-8.92006
0.004002	-8.91783
0.004004	-8.91561
0.004006	-8.91338
0.004008	-8.91116
0.00401	-8.90894
0.004012	-8.90671
0.004014	-8.9045
0.004016	-8.90228
0.004018	-8.90006
0.00402	-8.89785
0.004022	-8.89564
0.004024	-8.89343
0.004026	-8.89122
0.004028	-8.88901
0.00403	-8.8868
0.004032	-8.8846
0.004034	-8.8824
0.004036	-8.8802
0.004038	-8.878
0.00404	-8.8758
0.004042	-8.8736
0.004044	-8.87141
0.004046	-8.86922
0.004048	-8.86703
0.00405	-8.86484
0.004052	-8.86265
0.004054	-8.86046
0.004056	-8.85828
0.004058	-8.8561
0.00406	-8.85391
0.004062	-8.85173
0.004064	-8.84956
0.004066	-8.84738
0.004068	-8.84521
0.00407	-8.84303
0.004072	-8.84086
0.004074	-8.83869
0.004076	-8.83652
0.004078	-8.83435
0.00408	-8.83219
0.004082	-8.83003
0.004084	-8.82786
0.004086	-8.8257
0.004088	-8.82354
0.00409	-8.82139
0.004092	-8.81923
0.004094	-8.81708
0.004096	-8.81492
0.004098	-8.81277
0.0041	-8.81062
0.004102	-8.80848
0.004104	-8.80633
0.004106	-8.80418
0.004108	-8.80204
0.00411	-8.7999
0.004112	-8.79776
0.004114	-8.79562
0.004116	-8.79348
0.004118	-8.79135
0.00412	-8.78922
0.004122	-8.78708
0.004124	-8.78495
0.004126	-8.78282
0.004128	-8.7807
0.00413	-8.77857
0.004132	-8.77645
0.004134	-8.77432
0.004136	-8.7722
0.004138	-8.77008
0.00414	-8.76796
0.004142	-8.76585
0.004144	-8.76373
0.004146	-8.76162
0.004148	-8.7595
0.00415	-8.75739
0.004152	-8.75528
0.004154	-8.75318
0.004156	-8.75107
0.004158	-8.74897
0.00416	-8.74686
0.004162	-8.74476
0.004164	-8.74266
0.004166	-8.74056
0.004168	-8.73847
0.00417	-8.73637
0.004172	-8.73428
0.004174	-8.73218
0.004176	-8.73009
0.004178	-8.728
0.00418	-8.72591
0.004182	-8.72383
0.004184	-8.72174
0.004186	-8.71966
0.004188	-8.71758
0.00419	-8.7155
0.004192	-8.71342
0.004194	-8.71134
0.004196	-8.70926
0.004198	-8.70719
0.0042	-8.70512
0.004202	-8.70304
0.004204	-8.70097
0.004206	-8.69891
0.004208	-8.69684
0.00421	-8.69477
0.004212	-8.69271
0.004214	-8.69065
0.004216	-8.68858
0.004218	-8.68652
0.00422	-8.68447
0.004222	-8.68241
0.004224	-8.68035
0.004226	-8.6783
0.004228	-8.67625
0.00423	-8.6742
0.004232	-8.67215
0.004234	-8.6701
0.004236	-8.66805
0.004238	-8.66601
0.00424	-8.66396
0.004242	-8.66192
0.004244	-8.65988
0.004246	-8.65784
0.004248	-8.6558
0.00425	-8.65376
0.004252	-8.65173
0.004254	-8.6497
0.004256	-8.64766
0.004258	-8.64563
0.00426	-8.6436
0.004262	-8.64157
0.004264	-8.63955
0.004266	-8.63752
0.004268	-8.6355
0.00427	-8.63348
0.004272	-8.63146
0.004274	-8.62944
0.004276	-8.62742
0.004278	-8.6254
0.00428	-8.62339
0.004282	-8.62137
0.004284	-8.61936
0.004286	-8.61735
0.004288	-8.61534
0.00429	-8.61333
0.004292	-8.61132
0.004294	-8.60932
0.004296	-8.60731
0.004298	-8.60531
0.0043	-8.60331
0.004302	-8.60131
0.004304	-8.59931
0.004306	-8.59732
0.004308	-8.59532
0.00431	-8.59333
0.004312	-8.59133
0.004314	-8.58934
0.004316	-8.58735
0.004318	-8.58536
0.00432	-8.58337
0.004322	-8.58139
0.004324	-8.5794
0.004326	-8.57742
0.004328	-8.57544
0.00433	-8.57346
0.004332	-8.57148
0.004334	-8.5695
0.004336	-8.56753
0.004338	-8.56555
0.00434	-8.56358
0.004342	-8.5616
0.004344	-8.55963
0.004346	-8.55766
0.004348	-8.5557
0.00435	-8.55373
0.004352	-8.55176
0.004354	-8.5498
0.004356	-8.54784
0.004358	-8.54588
0.00436	-8.54392
0.004362	-8.54196
0.004364	-8.54
0.004366	-8.53804
0.004368	-8.53609
0.00437	-8.53413
0.004372	-8.53218
0.004374	-8.53023
0.004376	-8.52828
0.004378	-8.52634
0.00438	-8.52439
0.004382	-8.52244
0.004384	-8.5205
0.004386	-8.51856
0.004388	-8.51662
0.00439	-8.51468
0.004392	-8.51274
0.004394	-8.5108
0.004396	-8.50886
0.004398	-8.50693
0.0044	-8.50499
0.004402	-8.50306
0.004404	-8.50113
0.004406	-8.4992
0.004408	-8.49727
0.00441	-8.49535
0.004412	-8.49342
0.004414	-8.4915
0.004416	-8.48958
0.004418	-8.48765
0.00442	-8.48573
0.004422	-8.48381
0.004424	-8.4819
0.004426	-8.47998
0.004428	-8.47807
0.00443	-8.47615
0.004432	-8.47424
0.004434	-8.47233
0.004436	-8.47042
0.004438	-8.46851
0.00444	-8.4666
0.004442	-8.4647
0.004444	-8.46279
0.004446	-8.46089
0.004448	-8.45899
0.00445	-8.45708
0.004452	-8.45518
0.004454	-8.45329
0.004456	-8.45139
0.004458	-8.44949
0.00446	-8.4476
0.004462	-8.44571
0.004464	-8.44381
0.004466	-8.44192
0.004468	-8.44003
0.00447	-8.43815
0.004472	-8.43626
0.004474	-8.43437
0.004476	-8.43249
0.004478	-8.43061
0.00448	-8.42872
0.004482	-8.42684
0.004484	-8.42496
0.004486	-8.42309
0.004488	-8.42121
0.00449	-8.41933
0.004492	-8.41746
0.004494	-8.41559
0.004496	-8.41371
0.004498	-8.41184
0.0045	-8.40997
0.004502	-8.40811
0.004504	-8.40624
0.004506	-8.40437
0.004508	-8.40251
0.00451	-8.40065
0.004512	-8.39878
0.004514	-8.39692
0.004516	-8.39506
0.004518	-8.39321
0.00452	-8.39135
0.004522	-8.38949
0.004524	-8.38764
0.004526	-8.38579
0.004528	-8.38393
0.00453	-8.38208
0.004532	-8.38023
0.004534	-8.37839
0.004536	-8.37654
0.004538	-8.37469
0.00454	-8.37285
0.004542	-8.371
0.004544	-8.36916
0.004546	-8.36732
0.004548	-8.36548
0.00455	-8.36364
0.004552	-8.36181
0.004554	-8.35997
0.004556	-8.35814
0.004558	-8.3563
0.00456	-8.35447
0.004562	-8.35264
0.004564	-8.35081
0.004566	-8.34898
0.004568	-8.34715
0.00457	-8.34532
0.004572	-8.3435
0.004574	-8.34167
0.004576	-8.33985
0.004578	-8.33803
0.00458	-8.33621
0.004582	-8.33439
0.004584	-8.33257
0.004586	-8.33076
0.004588	-8.32894
0.00459	-8.32712
0.004592	-8.32531
0.004594	-8.3235
0.004596	-8.32169
0.004598	-8.31988
0.0046	-8.31807
0.004602	-8.31626
0.004604	-8.31446
0.004606	-8.31265
0.004608	-8.31085
0.00461	-8.30904
0.004612	-8.30724
0.004614	-8.30544
0.004616	-8.30364
0.004618	-8.30184
0.00462	-8.30005
0.004622	-8.29825
0.004624	-8.29646
0.004626	-8.29466
0.004628	-8.29287
0.00463	-8.29108
0.004632	-8.28929
0.004634	-8.2875
0.004636	-8.28571
0.004638	-8.28393
0.00464	-8.28214
0.004642	-8.28036
0.004644	-8.27857
0.004646	-8.27679
0.004648	-8.27501
0.00465	-8.27323
0.004652	-8.27145
0.004654	-8.26968
0.004656	-8.2679
0.004658	-8.26613
0.00466	-8.26435
0.004662	-8.26258
0.004664	-8.26081
0.004666	-8.25904
0.004668	-8.25727
0.00467	-8.2555
0.004672	-8.25373
0.004674	-8.25197
0.004676	-8.2502
0.004678	-8.24844
0.00468	-8.24668
0.004682	-8.24491
0.004684	-8.24315
0.004686	-8.2414
0.004688	-8.23964
0.00469	-8.23788
0.004692	-8.23612
0.004694	-8.23437
0.004696	-8.23262
0.004698	-8.23086
0.0047	-8.22911
0.004702	-8.22736
0.004704	-8.22561
0.004706	-8.22387
0.004708	-8.22212
0.00471	-8.22037
0.004712	-8.21863
0.004714	-8.21689
0.004716	-8.21514
0.004718	-8.2134
0.00472	-8.21166
0.004722	-8.20992
0.004724	-8.20819
0.004726	-8.20645
0.004728	-8.20471
0.00473	-8.20298
0.004732	-8.20124
0.004734	-8.19951
0.004736	-8.19778
0.004738	-8.19605
0.00474	-8.19432
0.004742	-8.19259
0.004744	-8.19087
0.004746	-8.18914
0.004748	-8.18742
0.00475	-8.18569
0.004752	-8.18397
0.004754	-8.18225
0.004756	-8.18053
0.004758	-8.17881
0.00476	-8.17709
0.004762	-8.17537
0.004764	-8.17366
0.004766	-8.17194
0.004768	-8.17023
0.00477	-8.16852
0.004772	-8.1668
0.004774	-8.16509
0.004776	-8.16338
0.004778	-8.16167
0.00478	-8.15997
0.004782	-8.15826
0.004784	-8.15656
0.004786	-8.15485
0.004788	-8.15315
0.00479	-8.15145
0.004792	-8.14974
0.004794	-8.14804
0.004796	-8.14635
0.004798	-8.14465
0.0048	-8.14295
0.004802	-8.14126
0.004804	-8.13956
0.004806	-8.13787
0.004808	-8.13617
0.00481	-8.13448
0.004812	-8.13279
0.004814	-8.1311
0.004816	-8.12941
0.004818	-8.12773
0.00482	-8.12604
0.004822	-8.12436
0.004824	-8.12267
0.004826	-8.12099
0.004828	-8.11931
0.00483	-8.11763
0.004832	-8.11595
0.004834	-8.11427
0.004836	-8.11259
0.004838	-8.11091
0.00484	-8.10924
0.004842	-8.10756
0.004844	-8.10589
0.004846	-8.10422
0.004848	-8.10254
0.00485	-8.10087
0.004852	-8.0992
0.004854	-8.09753
0.004856	-8.09587
0.004858	-8.0942
0.00486	-8.09254
0.004862	-8.09087
0.004864	-8.08921
0.004866	-8.08754
0.004868	-8.08588
0.00487	-8.08422
0.004872	-8.08256
0.004874	-8.08091
0.004876	-8.07925
0.004878	-8.07759
0.00488	-8.07594
0.004882	-8.07428
0.004884	-8.07263
0.004886	-8.07098
0.004888	-8.06933
0.00489	-8.06768
0.004892	-8.06603
0.004894	-8.06438
0.004896	-8.06273
0.004898	-8.06109
0.0049	-8.05944
0.004902	-8.0578
0.004904	-8.05615
0.004906	-8.05451
0.004908	-8.05287
0.00491	-8.05123
0.004912	-8.04959
0.004914	-8.04795
0.004916	-8.04632
0.004918	-8.04468
0.00492	-8.04304
0.004922	-8.04141
0.004924	-8.03978
0.004926	-8.03814
0.004928	-8.03651
0.00493	-8.03488
0.004932	-8.03325
0.004934	-8.03163
0.004936	-8.03
0.004938	-8.02837
0.00494	-8.02675
0.004942	-8.02512
0.004944	-8.0235
0.004946	-8.02188
0.004948	-8.02026
0.00495	-8.01864
0.004952	-8.01702
0.004954	-8.0154
0.004956	-8.01378
0.004958	-8.01217
0.00496	-8.01055
0.004962	-8.00894
0.004964	-8.00732
0.004966	-8.00571
0.004968	-8.0041
0.00497	-8.00249
0.004972	-8.00088
0.004974	-7.99927
0.004976	-7.99766
0.004978	-7.99606
0.00498	-7.99445
0.004982	-7.99285
0.004984	-7.99124
0.004986	-7.98964
0.004988	-7.98804
0.00499	-7.98644
0.004992	-7.98484
0.004994	-7.98324
0.004996	-7.98164
0.004998	-7.98004
0.005	-7.97845
0.005002	-7.97685
0.005004	-7.97526
0.005006	-7.97366
0.005008	-7.97207
0.00501	-7.97048
0.005012	-7.96889
0.005014	-7.9673
0.005016	-7.96571
0.005018	-7.96413
0.00502	-7.96254
0.005022	-7.96095
0.005024	-7.95937
0.005026	-7.95779
0.005028	-7.9562
0.00503	-7.95462
0.005032	-7.95304
0.005034	-7.95146
0.005036	-7.94988
0.005038	-7.9483
0.00504	-7.94673
0.005042	-7.94515
0.005044	-7.94358
0.005046	-7.942
0.005048	-7.94043
0.00505	-7.93886
0.005052	-7.93728
0.005054	-7.93571
0.005056	-7.93414
0.005058	-7.93258
0.00506	-7.93101
0.005062	-7.92944
0.005064	-7.92787
0.005066	-7.92631
0.005068	-7.92475
0.00507	-7.92318
0.005072	-7.92162
0.005074	-7.92006
0.005076	-7.9185
0.005078	-7.91694
0.00508	-7.91538
0.005082	-7.91382
0.005084	-7.91227
0.005086	-7.91071
0.005088	-7.90916
0.00509	-7.9076
0.005092	-7.90605
0.005094	-7.9045
0.005096	-7.90295
0.005098	-7.9014
0.0051	-7.89985
0.005102	-7.8983
0.005104	-7.89675
0.005106	-7.8952
0.005108	-7.89366
0.00511	-7.89211
0.005112	-7.89057
0.005114	-7.88903
0.005116	-7.88749
0.005118	-7.88594
0.00512	-7.8844
0.005122	-7.88286
0.005124	-7.88133
0.005126	-7.87979
0.005128	-7.87825
0.00513	-7.87672
0.005132	-7.87518
0.005134	-7.87365
0.005136	-7.87211
0.005138	-7.87058
0.00514	-7.86905
0.005142	-7.86752
0.005144	-7.86599
0.005146	-7.86446
0.005148	-7.86294
0.00515	-7.86141
0.005152	-7.85988
0.005154	-7.85836
0.005156	-7.85683
0.005158	-7.85531
0.00516	-7.85379
0.005162	-7.85227
0.005164	-7.85075
0.005166	-7.84923
0.005168	-7.84771
0.00517	-7.84619
0.005172	-7.84467
0.005174	-7.84316
0.005176	-7.84164
0.005178	-7.84013
0.00518	-7.83861
0.005182	-7.8371
0.005184	-7.83559
0.005186	-7.83408
0.005188	-7.83257
0.00519	-7.83106
0.005192	-7.82955
0.005194	-7.82804
0.005196	-7.82654
0.005198	-7.82503
0.0052	-7.82353
0.005202	-7.82202
0.005204	-7.82052
0.005206	-7.81902
0.005208	-7.81752
0.00521	-7.81601
0.005212	-7.81452
0.005214	-7.81302
0.005216	-7.81152
0.005218	-7.81002
0.00522	-7.80853
0.005222	-7.80703
0.005224	-7.80554
0.005226	-7.80404
0.005228	-7.80255
0.00523	-7.80106
0.005232	-7.79957
0.005234	-7.79808
0.005236	-7.79659
0.005238	-7.7951
0.00524	-7.79361
0.005242	-7.79212
0.005244	-7.79064
0.005246	-7.78915
0.005248	-7.78767
0.00525	-7.78619
0.005252	-7.7847
0.005254	-7.78322
0.005256	-7.78174
0.005258	-7.78026
0.00526	-7.77878
0.005262	-7.7773
0.005264	-7.77583
0.005266	-7.77435
0.005268	-7.77287
0.00527	-7.7714
0.005272	-7.76992
0.005274	-7.76845
0.005276	-7.76698
0.005278	-7.76551
0.00528	-7.76404
0.005282	-7.76257
0.005284	-7.7611
0.005286	-7.75963
0.005288	-7.75816
0.00529	-7.75669
0.005292	-7.75523
0.005294	-7.75376
0.005296	-7.7523
0.005298	-7.75084
0.0053	-7.74937
0.005302	-7.74791
0.005304	-7.74645
0.005306	-7.74499
0.005308	-7.74353
0.00531	-7.74207
0.005312	-7.74062
0.005314	-7.73916
0.005316	-7.7377
0.005318	-7.73625
0.00532	-7.7348
0.005322	-7.73334
0.005324	-7.73189
0.005326	-7.73044
0.005328	-7.72899
0.00533	-7.72754
0.005332	-7.72609
0.005334	-7.72464
0.005336	-7.72319
0.005338	-7.72174
0.00534	-7.7203
0.005342	-7.71885
0.005344	-7.71741
0.005346	-7.71597
0.005348	-7.71452
0.00535	-7.71308
0.005352	-7.71164
0.005354	-7.7102
0.005356	-7.70876
0.005358	-7.70732
0.00536	-7.70588
0.005362	-7.70445
0.005364	-7.70301
0.005366	-7.70157
0.005368	-7.70014
0.00537	-7.69871
0.005372	-7.69727
0.005374	-7.69584
0.005376	-7.69441
0.005378	-7.69298
0.00538	-7.69155
0.005382	-7.69012
0.005384	-7.68869
0.005386	-7.68726
0.005388	-7.68584
0.00539	-7.68441
0.005392	-7.68299
0.005394	-7.68156
0.005396	-7.68014
0.005398	-7.67871
0.0054	-7.67729
0.005402	-7.67587
0.005404	-7.67445
0.005406	-7.67303
0.005408	-7.67161
0.00541	-7.67019
0.005412	-7.66878
0.005414	-7.66736
0.005416	-7.66594
0.005418	-7.66453
0.00542	-7.66312
0.005422	-7.6617
0.005424	-7.66029
0.005426	-7.65888
0.005428	-7.65747
0.00543	-7.65606
0.005432	-7.65465
0.005434	-7.65324
0.005436	-7.65183
0.005438	-7.65042
0.00544	-7.64902
0.005442	-7.64761
0.005444	-7.64621
0.005446	-7.6448
0.005448	-7.6434
0.00545	-7.642
0.005452	-7.6406
0.005454	-7.63919
0.005456	-7.63779
0.005458	-7.6364
0.00546	-7.635
0.005462	-7.6336
0.005464	-7.6322
0.005466	-7.63081
0.005468	-7.62941
0.00547	-7.62802
0.005472	-7.62662
0.005474	-7.62523
0.005476	-7.62384
0.005478	-7.62244
0.00548	-7.62105
0.005482	-7.61966
0.005484	-7.61827
0.005486	-7.61688
0.005488	-7.6155
0.00549	-7.61411
0.005492	-7.61272
0.005494	-7.61134
0.005496	-7.60995
0.005498	-7.60857
0.0055	-7.60719
0.005502	-7.6058
0.005504	-7.60442
0.005506	-7.60304
0.005508	-7.60166
0.00551	-7.60028
0.005512	-7.5989
0.005514	-7.59752
0.005516	-7.59615
0.005518	-7.59477
0.00552	-7.59339
0.005522	-7.59202
0.005524	-7.59064
0.005526	-7.58927
0.005528	-7.5879
0.00553	-7.58652
0.005532	-7.58515
0.005534	-7.58378
0.005536	-7.58241
0.005538	-7.58104
0.00554	-7.57968
0.005542	-7.57831
0.005544	-7.57694
0.005546	-7.57557
0.005548	-7.57421
0.00555	-7.57284
0.005552	-7.57148
0.005554	-7.57012
0.005556	-7.56875
0.005558	-7.56739
0.00556	-7.56603
0.005562	-7.56467
0.005564	-7.56331
0.005566	-7.56195
0.005568	-7.56059
0.00557	-7.55924
0.005572	-7.55788
0.005574	-7.55652
0.005576	-7.55517
0.005578	-7.55382
0.00558	-7.55246
0.005582	-7.55111
0.005584	-7.54976
0.005586	-7.5484
0.005588	-7.54705
0.00559	-7.5457
0.005592	-7.54435
0.005594	-7.54301
0.005596	-7.54166
0.005598	-7.54031
0.0056	-7.53896
0.005602	-7.53762
0.005604	-7.53627
0.005606	-7.53493
0.005608	-7.53359
0.00561	-7.53224
0.005612	-7.5309
0.005614	-7.52956
0.005616	-7.52822
0.005618	-7.52688
0.00562	-7.52554
0.005622	-7.5242
0.005624	-7.52286
0.005626	-7.52153
0.005628	-7.52019
0.00563	-7.51885
0.005632	-7.51752
0.005634	-7.51618
0.005636	-7.51485
0.005638	-7.51352
0.00564	-7.51218
0.005642	-7.51085
0.005644	-7.50952
0.005646	-7.50819
0.005648	-7.50686
0.00565	-7.50553
0.005652	-7.50421
0.005654	-7.50288
0.005656	-7.50155
0.005658	-7.50023
0.00566	-7.4989
0.005662	-7.49758
0.005664	-7.49625
0.005666	-7.49493
0.005668	-7.49361
0.00567	-7.49229
0.005672	-7.49097
0.005674	-7.48965
0.005676	-7.48833
0.005678	-7.48701
0.00568	-7.48569
0.005682	-7.48437
0.005684	-7.48305
0.005686	-7.48174
0.005688	-7.48042
0.00569	-7.47911
0.005692	-7.47779
0.005694	-7.47648
0.005696	-7.47517
0.005698	-7.47386
0.0057	-7.47255
0.005702	-7.47124
0.005704	-7.46993
0.005706	-7.46862
0.005708	-7.46731
0.00571	-7.466
0.005712	-7.46469
0.005714	-7.46339
0.005716	-7.46208
0.005718	-7.46078
0.00572	-7.45947
0.005722	-7.45817
0.005724	-7.45687
0.005726	-7.45556
0.005728	-7.45426
0.00573	-7.45296
0.005732	-7.45166
0.005734	-7.45036
0.005736	-7.44906
0.005738	-7.44776
0.00574	-7.44647
0.005742	-7.44517
0.005744	-7.44387
0.005746	-7.44258
0.005748	-7.44128
0.00575	-7.43999
0.005752	-7.4387
0.005754	-7.4374
0.005756	-7.43611
0.005758	-7.43482
0.00576	-7.43353
0.005762	-7.43224
0.005764	-7.43095
0.005766	-7.42966
0.005768	-7.42837
0.00577	-7.42708
0.005772	-7.4258
0.005774	-7.42451
0.005776	-7.42323
0.005778	-7.42194
0.00578	-7.42066
0.005782	-7.41937
0.005784	-7.41809
0.005786	-7.41681
0.005788	-7.41553
0.00579	-7.41425
0.005792	-7.41297
0.005794	-7.41169
0.005796	-7.41041
0.005798	-7.40913
0.0058	-7.40785
0.005802	-7.40658
0.005804	-7.4053
0.005806	-7.40402
0.005808	-7.40275
0.00581	-7.40148
0.005812	-7.4002
0.005814	-7.39893
0.005816	-7.39766
0.005818	-7.39639
0.00582	-7.39511
0.005822	-7.39384
0.005824	-7.39258
0.005826	-7.39131
0.005828	-7.39004
0.00583	-7.38877
0.005832	-7.3875
0.005834	-7.38624
0.005836	-7.38497
0.005838	-7.38371
0.00584	-7.38244
0.005842	-7.38118
0.005844	-7.37992
0.005846	-7.37865
0.005848	-7.37739
0.00585	-7.37613
0.005852	-7.37487
0.005854	-7.37361
0.005856	-7.37235
0.005858	-7.37109
0.00586	-7.36983
0.005862	-7.36858
0.005864	-7.36732
0.005866	-7.36606
0.005868	-7.36481
0.00587	-7.36355
0.005872	-7.3623
0.005874	-7.36105
0.005876	-7.35979
0.005878	-7.35854
0.00588	-7.35729
0.005882	-7.35604
0.005884	-7.35479
0.005886	-7.35354
0.005888	-7.35229
0.00589	-7.35104
0.005892	-7.3498
0.005894	-7.34855
0.005896	-7.3473
0.005898	-7.34606
0.0059	-7.34481
0.005902	-7.34357
0.005904	-7.34232
0.005906	-7.34108
0.005908	-7.33984
0.00591	-7.3386
0.005912	-7.33735
0.005914	-7.33611
0.005916	-7.33487
0.005918	-7.33363
0.00592	-7.3324
0.005922	-7.33116
0.005924	-7.32992
0.005926	-7.32868
0.005928	-7.32745
0.00593	-7.32621
0.005932	-7.32498
0.005934	-7.32374
0.005936	-7.32251
0.005938	-7.32127
0.00594	-7.32004
0.005942	-7.31881
0.005944	-7.31758
0.005946	-7.31635
0.005948	-7.31512
0.00595	-7.31389
0.005952	-7.31266
0.005954	-7.31143
0.005956	-7.3102
0.005958	-7.30898
0.00596	-7.30775
0.005962	-7.30652
0.005964	-7.3053
0.005966	-7.30408
0.005968	-7.30285
0.00597	-7.30163
0.005972	-7.30041
0.005974	-7.29918
0.005976	-7.29796
0.005978	-7.29674
0.00598	-7.29552
0.005982	-7.2943
0.005984	-7.29308
0.005986	-7.29186
0.005988	-7.29065
0.00599	-7.28943
0.005992	-7.28821
0.005994	-7.287
0.005996	-7.28578
0.005998	-7.28457
0.006	-7.28335
0.006002	-7.28214
0.006004	-7.28093
0.006006	-7.27971
0.006008	-7.2785
0.00601	-7.27729
0.006012	-7.27608
0.006014	-7.27487
0.006016	-7.27366
0.006018	-7.27245
0.00602	-7.27125
0.006022	-7.27004
0.006024	-7.26883
0.006026	-7.26762
0.006028	-7.26642
0.00603	-7.26521
0.006032	-7.26401
0.006034	-7.26281
0.006036	-7.2616
0.006038	-7.2604
0.00604	-7.2592
0.006042	-7.258
0.006044	-7.2568
0.006046	-7.2556
0.006048	-7.2544
0.00605	-7.2532
0.006052	-7.252
0.006054	-7.2508
0.006056	-7.2496
0.006058	-7.24841
0.00606	-7.24721
0.006062	-7.24601
0.006064	-7.24482
0.006066	-7.24363
0.006068	-7.24243
0.00607	-7.24124
0.006072	-7.24005
0.006074	-7.23885
0.006076	-7.23766
0.006078	-7.23647
0.00608	-7.23528
0.006082	-7.23409
0.006084	-7.2329
0.006086	-7.23171
0.006088	-7.23053
0.00609	-7.22934
0.006092	-7.22815
0.006094	-7.22697
0.006096	-7.22578
0.006098	-7.2246
0.0061	-7.22341
0.006102	-7.22223
0.006104	-7.22104
0.006106	-7.21986
0.006108	-7.21868
0.00611	-7.2175
0.006112	-7.21632
0.006114	-7.21514
0.006116	-7.21396
0.006118	-7.21278
0.00612	-7.2116
0.006122	-7.21042
0.006124	-7.20924
0.006126	-7.20807
0.006128	-7.20689
0.00613	-7.20572
0.006132	-7.20454
0.006134	-7.20337
0.006136	-7.20219
0.006138	-7.20102
0.00614	-7.19985
0.006142	-7.19867
0.006144	-7.1975
0.006146	-7.19633
0.006148	-7.19516
0.00615	-7.19399
0.006152	-7.19282
0.006154	-7.19165
0.006156	-7.19048
0.006158	-7.18932
0.00616	-7.18815
0.006162	-7.18698
0.006164	-7.18582
0.006166	-7.18465
0.006168	-7.18349
0.00617	-7.18232
0.006172	-7.18116
0.006174	-7.18
0.006176	-7.17883
0.006178	-7.17767
0.00618	-7.17651
0.006182	-7.17535
0.006184	-7.17419
0.006186	-7.17303
0.006188	-7.17187
0.00619	-7.17071
0.006192	-7.16955
0.006194	-7.1684
0.006196	-7.16724
0.006198	-7.16608
0.0062	-7.16493
0.006202	-7.16377
0.006204	-7.16262
0.006206	-7.16146
0.006208	-7.16031
0.00621	-7.15916
0.006212	-7.158
0.006214	-7.15685
0.006216	-7.1557
0.006218	-7.15455
0.00622	-7.1534
0.006222	-7.15225
0.006224	-7.1511
0.006226	-7.14995
0.006228	-7.1488
0.00623	-7.14766
0.006232	-7.14651
0.006234	-7.14536
0.006236	-7.14422
0.006238	-7.14307
0.00624	-7.14193
0.006242	-7.14078
0.006244	-7.13964
0.006246	-7.1385
0.006248	-7.13735
0.00625	-7.13621
0.006252	-7.13507
0.006254	-7.13393
0.006256	-7.13279
0.006258	-7.13165
0.00626	-7.13051
0.006262	-7.12937
0.006264	-7.12823
0.006266	-7.12709
0.006268	-7.12596
0.00627	-7.12482
0.006272	-7.12369
0.006274	-7.12255
0.006276	-7.12142
0.006278	-7.12028
0.00628	-7.11915
0.006282	-7.11801
0.006284	-7.11688
0.006286	-7.11575
0.006288	-7.11462
0.00629	-7.11349
0.006292	-7.11236
0.006294	-7.11123
0.006296	-7.1101
0.006298	-7.10897
0.0063	-7.10784
0.006302	-7.10671
0.006304	-7.10558
0.006306	-7.10446
0.006308	-7.10333
0.00631	-7.1022
0.006312	-7.10108
0.006314	-7.09995
0.006316	-7.09883
0.006318	-7.09771
0.00632	-7.09658
0.006322	-7.09546
0.006324	-7.09434
0.006326	-7.09322
0.006328	-7.0921
0.00633	-7.09098
0.006332	-7.08986
0.006334	-7.08874
0.006336	-7.08762
0.006338	-7.0865
0.00634	-7.08538
0.006342	-7.08427
0.006344	-7.08315
0.006346	-7.08203
0.006348	-7.08092
0.00635	-7.0798
0.006352	-7.07869
0.006354	-7.07757
0.006356	-7.07646
0.006358	-7.07535
0.00636	-7.07423
0.006362	-7.07312
0.006364	-7.07201
0.006366	-7.0709
0.006368	-7.06979
0.00637	-7.06868
0.006372	-7.06757
0.006374	-7.06646
0.006376	-7.06535
0.006378	-7.06425
0.00638	-7.06314
0.006382	-7.06203
0.006384	-7.06093
0.006386	-7.05982
0.006388	-7.05871
0.00639	-7.05761
0.006392	-7.05651
0.006394	-7.0554
0.006396	-7.0543
0.006398	-7.0532
0.0064	-7.05209
0.006402	-7.05099
0.006404	-7.04989
0.006406	-7.04879
0.006408	-7.04769
0.00641	-7.04659
0.006412	-7.04549
0.006414	-7.04439
0.006416	-7.0433
0.006418	-7.0422
0.00642	-7.0411
0.006422	-7.04001
0.006424	-7.03891
0.006426	-7.03781
0.006428	-7.03672
0.00643	-7.03563
0.006432	-7.03453
0.006434	-7.03344
0.006436	-7.03235
0.006438	-7.03125
0.00644	-7.03016
0.006442	-7.02907
0.006444	-7.02798
0.006446	-7.02689
0.006448	-7.0258
0.00645	-7.02471
0.006452	-7.02362
0.006454	-7.02253
0.006456	-7.02144
0.006458	-7.02036
0.00646	-7.01927
0.006462	-7.01818
0.006464	-7.0171
0.006466	-7.01601
0.006468	-7.01493
0.00647	-7.01384
0.006472	-7.01276
0.006474	-7.01168
0.006476	-7.0106
0.006478	-7.00951
0.00648	-7.00843
0.006482	-7.00735
0.006484	-7.00627
0.006486	-7.00519
0.006488	-7.00411
0.00649	-7.00303
0.006492	-7.00195
0.006494	-7.00087
0.006496	-6.9998
0.006498	-6.99872
0.0065	-6.99764
0.006502	-6.99657
0.006504	-6.99549
0.006506	-6.99441
0.006508	-6.99334
0.00651	-6.99227
0.006512	-6.99119
0.006514	-6.99012
0.006516	-6.98905
0.006518	-6.98797
0.00652	-6.9869
0.006522	-6.98583
0.006524	-6.98476
0.006526	-6.98369
0.006528	-6.98262
0.00653	-6.98155
0.006532	-6.98048
0.006534	-6.97941
0.006536	-6.97834
0.006538	-6.97728
0.00654	-6.97621
0.006542	-6.97514
0.006544	-6.97408
0.006546	-6.97301
0.006548	-6.97195
0.00655	-6.97088
0.006552	-6.96982
0.006554	-6.96876
0.006556	-6.96769
0.006558	-6.96663
0.00656	-6.96557
0.006562	-6.96451
0.006564	-6.96345
0.006566	-6.96239
0.006568	-6.96133
0.00657	-6.96027
0.006572	-6.95921
0.006574	-6.95815
0.006576	-6.95709
0.006578	-6.95603
0.00658	-6.95498
0.006582	-6.95392
0.006584	-6.95286
0.006586	-6.95181
0.006588	-6.95075
0.00659	-6.9497
0.006592	-6.94864
0.006594	-6.94759
0.006596	-6.94654
0.006598	-6.94548
0.0066	-6.94443
0.006602	-6.94338
0.006604	-6.94233
0.006606	-6.94128
0.006608	-6.94023
0.00661	-6.93918
0.006612	-6.93813
0.006614	-6.93708
0.006616	-6.93603
0.006618	-6.93498
0.00662	-6.93393
0.006622	-6.93289
0.006624	-6.93184
0.006626	-6.93079
0.006628	-6.92975
0.00663	-6.9287
0.006632	-6.92766
0.006634	-6.92661
0.006636	-6.92557
0.006638	-6.92453
0.00664	-6.92348
0.006642	-6.92244
0.006644	-6.9214
0.006646	-6.92036
0.006648	-6.91932
0.00665	-6.91828
0.006652	-6.91724
0.006654	-6.9162
0.006656	-6.91516
0.006658	-6.91412
0.00666	-6.91308
0.006662	-6.91204
0.006664	-6.91101
0.006666	-6.90997
0.006668	-6.90893
0.00667	-6.9079
0.006672	-6.90686
0.006674	-6.90583
0.006676	-6.90479
0.006678	-6.90376
0.00668	-6.90273
0.006682	-6.90169
0.006684	-6.90066
0.006686	-6.89963
0.006688	-6.8986
0.00669	-6.89756
0.006692	-6.89653
0.006694	-6.8955
0.006696	-6.89447
0.006698	-6.89344
0.0067	-6.89242
0.006702	-6.89139
0.006704	-6.89036
0.006706	-6.88933
0.006708	-6.8883
0.00671	-6.88728
0.006712	-6.88625
0.006714	-6.88523
0.006716	-6.8842
0.006718	-6.88318
0.00672	-6.88215
0.006722	-6.88113
0.006724	-6.88011
0.006726	-6.87908
0.006728	-6.87806
0.00673	-6.87704
0.006732	-6.87602
0.006734	-6.875
0.006736	-6.87397
0.006738	-6.87295
0.00674	-6.87193
0.006742	-6.87092
0.006744	-6.8699
0.006746	-6.86888
0.006748	-6.86786
0.00675	-6.86684
0.006752	-6.86583
0.006754	-6.86481
0.006756	-6.86379
0.006758	-6.86278
0.00676	-6.86176
0.006762	-6.86075
0.006764	-6.85973
0.006766	-6.85872
0.006768	-6.85771
0.00677	-6.85669
0.006772	-6.85568
0.006774	-6.85467
0.006776	-6.85366
0.006778	-6.85265
0.00678	-6.85163
0.006782	-6.85062
0.006784	-6.84961
0.006786	-6.84861
0.006788	-6.8476
0.00679	-6.84659
0.006792	-6.84558
0.006794	-6.84457
0.006796	-6.84357
0.006798	-6.84256
0.0068	-6.84155
0.006802	-6.84055
0.006804	-6.83954
0.006806	-6.83854
0.006808	-6.83753
0.00681	-6.83653
0.006812	-6.83552
0.006814	-6.83452
0.006816	-6.83352
0.006818	-6.83252
0.00682	-6.83151
0.006822	-6.83051
0.006824	-6.82951
0.006826	-6.82851
0.006828	-6.82751
0.00683	-6.82651
0.006832	-6.82551
0.006834	-6.82451
0.006836	-6.82352
0.006838	-6.82252
0.00684	-6.82152
0.006842	-6.82052
0.006844	-6.81953
0.006846	-6.81853
0.006848	-6.81753
0.00685	-6.81654
0.006852	-6.81554
0.006854	-6.81455
0.006856	-6.81356
0.006858	-6.81256
0.00686	-6.81157
0.006862	-6.81058
0.006864	-6.80958
0.006866	-6.80859
0.006868	-6.8076
0.00687	-6.80661
0.006872	-6.80562
0.006874	-6.80463
0.006876	-6.80364
0.006878	-6.80265
0.00688	-6.80166
0.006882	-6.80067
0.006884	-6.79969
0.006886	-6.7987
0.006888	-6.79771
0.00689	-6.79672
0.006892	-6.79574
0.006894	-6.79475
0.006896	-6.79377
0.006898	-6.79278
0.0069	-6.7918
0.006902	-6.79081
0.006904	-6.78983
0.006906	-6.78885
0.006908	-6.78786
0.00691	-6.78688
0.006912	-6.7859
0.006914	-6.78492
0.006916	-6.78394
0.006918	-6.78296
0.00692	-6.78198
0.006922	-6.781
0.006924	-6.78002
0.006926	-6.77904
0.006928	-6.77806
0.00693	-6.77708
0.006932	-6.77611
0.006934	-6.77513
0.006936	-6.77415
0.006938	-6.77317
0.00694	-6.7722
0.006942	-6.77122
0.006944	-6.77025
0.006946	-6.76927
0.006948	-6.7683
0.00695	-6.76733
0.006952	-6.76635
0.006954	-6.76538
0.006956	-6.76441
0.006958	-6.76343
0.00696	-6.76246
0.006962	-6.76149
0.006964	-6.76052
0.006966	-6.75955
0.006968	-6.75858
0.00697	-6.75761
0.006972	-6.75664
0.006974	-6.75567
0.006976	-6.7547
0.006978	-6.75374
0.00698	-6.75277
0.006982	-6.7518
0.006984	-6.75083
0.006986	-6.74987
0.006988	-6.7489
0.00699	-6.74794
0.006992	-6.74697
0.006994	-6.74601
0.006996	-6.74504
0.006998	-6.74408
0.007	-6.74311
0.007002	-6.74215
0.007004	-6.74119
0.007006	-6.74023
0.007008	-6.73926
0.00701	-6.7383
0.007012	-6.73734
0.007014	-6.73638
0.007016	-6.73542
0.007018	-6.73446
0.00702	-6.7335
0.007022	-6.73254
0.007024	-6.73159
0.007026	-6.73063
0.007028	-6.72967
0.00703	-6.72871
0.007032	-6.72776
0.007034	-6.7268
0.007036	-6.72584
0.007038	-6.72489
0.00704	-6.72393
0.007042	-6.72298
0.007044	-6.72202
0.007046	-6.72107
0.007048	-6.72012
0.00705	-6.71916
0.007052	-6.71821
0.007054	-6.71726
0.007056	-6.7163
0.007058	-6.71535
0.00706	-6.7144
0.007062	-6.71345
0.007064	-6.7125
0.007066	-6.71155
0.007068	-6.7106
0.00707	-6.70965
0.007072	-6.7087
0.007074	-6.70775
0.007076	-6.70681
0.007078	-6.70586
0.00708	-6.70491
0.007082	-6.70397
0.007084	-6.70302
0.007086	-6.70207
0.007088	-6.70113
0.00709	-6.70018
0.007092	-6.69924
0.007094	-6.69829
0.007096	-6.69735
0.007098	-6.69641
0.0071	-6.69546
0.007102	-6.69452
0.007104	-6.69358
0.007106	-6.69264
0.007108	-6.69169
0.00711	-6.69075
0.007112	-6.68981
0.007114	-6.68887
0.007116	-6.68793
0.007118	-6.68699
0.00712	-6.68605
0.007122	-6.68511
0.007124	-6.68418
0.007126	-6.68324
0.007128	-6.6823
0.00713	-6.68136
0.007132	-6.68043
0.007134	-6.67949
0.007136	-6.67855
0.007138	-6.67762
0.00714	-6.67668
0.007142	-6.67575
0.007144	-6.67481
0.007146	-6.67388
0.007148	-6.67295
0.00715	-6.67201
0.007152	-6.67108
0.007154	-6.67015
0.007156	-6.66922
0.007158	-6.66828
0.00716	-6.66735
0.007162	-6.66642
0.007164	-6.66549
0.007166	-6.66456
0.007168	-6.66363
0.00717	-6.6627
0.007172	-6.66177
0.007174	-6.66084
0.007176	-6.65992
0.007178	-6.65899
0.00718	-6.65806
0.007182	-6.65713
0.007184	-6.65621
0.007186	-6.65528
0.007188	-6.65435
0.00719	-6.65343
0.007192	-6.6525
0.007194	-6.65158
0.007196	-6.65065
0.007198	-6.64973
0.0072	-6.64881
0.007202	-6.64788
0.007204	-6.64696
0.007206	-6.64604
0.007208	-6.64512
0.00721	-6.6442
0.007212	-6.64327
0.007214	-6.64235
0.007216	-6.64143
0.007218	-6.64051
0.00722	-6.63959
0.007222	-6.63867
0.007224	-6.63775
0.007226	-6.63684
0.007228	-6.63592
0.00723	-6.635
0.007232	-6.63408
0.007234	-6.63317
0.007236	-6.63225
0.007238	-6.63133
0.00724	-6.63042
0.007242	-6.6295
0.007244	-6.62859
0.007246	-6.62767
0.007248	-6.62676
0.00725	-6.62584
0.007252	-6.62493
0.007254	-6.62402
0.007256	-6.6231
0.007258	-6.62219
0.00726	-6.62128
0.007262	-6.62037
0.007264	-6.61945
0.007266	-6.61854
0.007268	-6.61763
0.00727	-6.61672
0.007272	-6.61581
0.007274	-6.6149
0.007276	-6.61399
0.007278	-6.61309
0.00728	-6.61218
0.007282	-6.61127
0.007284	-6.61036
0.007286	-6.60945
0.007288	-6.60855
0.00729	-6.60764
0.007292	-6.60673
0.007294	-6.60583
0.007296	-6.60492
0.007298	-6.60402
0.0073	-6.60311
0.007302	-6.60221
0.007304	-6.60131
0.007306	-6.6004
0.007308	-6.5995
0.00731	-6.5986
0.007312	-6.59769
0.007314	-6.59679
0.007316	-6.59589
0.007318	-6.59499
0.00732	-6.59409
0.007322	-6.59319
0.007324	-6.59229
0.007326	-6.59139
0.007328	-6.59049
0.00733	-6.58959
0.007332	-6.58869
0.007334	-6.58779
0.007336	-6.58689
0.007338	-6.586
0.00734	-6.5851
0.007342	-6.5842
0.007344	-6.5833
0.007346	-6.58241
0.007348	-6.58151
0.00735	-6.58062
0.007352	-6.57972
0.007354	-6.57883
0.007356	-6.57793
0.007358	-6.57704
0.00736	-6.57615
0.007362	-6.57525
0.007364	-6.57436
0.007366	-6.57347
0.007368	-6.57257
0.00737	-6.57168
0.007372	-6.57079
0.007374	-6.5699
0.007376	-6.56901
0.007378	-6.56812
0.00738	-6.56723
0.007382	-6.56634
0.007384	-6.56545
0.007386	-6.56456
0.007388	-6.56367
0.00739	-6.56278
0.007392	-6.5619
0.007394	-6.56101
0.007396	-6.56012
0.007398	-6.55924
0.0074	-6.55835
0.007402	-6.55746
0.007404	-6.55658
0.007406	-6.55569
0.007408	-6.55481
0.00741	-6.55392
0.007412	-6.55304
0.007414	-6.55215
0.007416	-6.55127
0.007418	-6.55039
0.00742	-6.54951
0.007422	-6.54862
0.007424	-6.54774
0.007426	-6.54686
0.007428	-6.54598
0.00743	-6.5451
0.007432	-6.54422
0.007434	-6.54334
0.007436	-6.54246
0.007438	-6.54158
0.00744	-6.5407
0.007442	-6.53982
0.007444	-6.53894
0.007446	-6.53806
0.007448	-6.53718
0.00745	-6.53631
0.007452	-6.53543
0.007454	-6.53455
0.007456	-6.53368
0.007458	-6.5328
0.00746	-6.53192
0.007462	-6.53105
0.007464	-6.53017
0.007466	-6.5293
0.007468	-6.52842
0.00747	-6.52755
0.007472	-6.52668
0.007474	-6.5258
0.007476	-6.52493
0.007478	-6.52406
0.00748	-6.52319
0.007482	-6.52231
0.007484	-6.52144
0.007486	-6.52057
0.007488	-6.5197
0.00749	-6.51883
0.007492	-6.51796
0.007494	-6.51709
0.007496	-6.51622
0.007498	-6.51535
0.0075	-6.51448
0.007502	-6.51361
0.007504	-6.51275
0.007506	-6.51188
0.007508	-6.51101
0.00751	-6.51014
0.007512	-6.50928
0.007514	-6.50841
0.007516	-6.50755
0.007518	-6.50668
0.00752	-6.50581
0.007522	-6.50495
0.007524	-6.50409
0.007526	-6.50322
0.007528	-6.50236
0.00753	-6.50149
0.007532	-6.50063
0.007534	-6.49977
0.007536	-6.49891
0.007538	-6.49804
0.00754	-6.49718
0.007542	-6.49632
0.007544	-6.49546
0.007546	-6.4946
0.007548	-6.49374
0.00755	-6.49288
0.007552	-6.49202
0.007554	-6.49116
0.007556	-6.4903
0.007558	-6.48944
0.00756	-6.48858
0.007562	-6.48772
0.007564	-6.48687
0.007566	-6.48601
0.007568	-6.48515
0.00757	-6.4843
0.007572	-6.48344
0.007574	-6.48258
0.007576	-6.48173
0.007578	-6.48087
0.00758	-6.48002
0.007582	-6.47916
0.007584	-6.47831
0.007586	-6.47745
0.007588	-6.4766
0.00759	-6.47575
0.007592	-6.47489
0.007594	-6.47404
0.007596	-6.47319
0.007598	-6.47234
0.0076	-6.47149
0.007602	-6.47063
0.007604	-6.46978
0.007606	-6.46893
0.007608	-6.46808
0.00761	-6.46723
0.007612	-6.46638
0.007614	-6.46553
0.007616	-6.46468
0.007618	-6.46384
0.00762	-6.46299
0.007622	-6.46214
0.007624	-6.46129
0.007626	-6.46044
0.007628	-6.4596
0.00763	-6.45875
0.007632	-6.45791
0.007634	-6.45706
0.007636	-6.45621
0.007638	-6.45537
0.00764	-6.45452
0.007642	-6.45368
0.007644	-6.45283
0.007646	-6.45199
0.007648	-6.45115
0.00765	-6.4503
0.007652	-6.44946
0.007654	-6.44862
0.007656	-6.44778
0.007658	-6.44693
0.00766	-6.44609
0.007662	-6.44525
0.007664	-6.44441
0.007666	-6.44357
0.007668	-6.44273
0.00767	-6.44189
0.007672	-6.44105
0.007674	-6.44021
0.007676	-6.43937
0.007678	-6.43853
0.00768	-6.43769
0.007682	-6.43686
0.007684	-6.43602
0.007686	-6.43518
0.007688	-6.43434
0.00769	-6.43351
0.007692	-6.43267
0.007694	-6.43183
0.007696	-6.431
0.007698	-6.43016
0.0077	-6.42933
0.007702	-6.42849
0.007704	-6.42766
0.007706	-6.42683
0.007708	-6.42599
0.00771	-6.42516
0.007712	-6.42432
0.007714	-6.42349
0.007716	-6.42266
0.007718	-6.42183
0.00772	-6.421
0.007722	-6.42016
0.007724	-6.41933
0.007726	-6.4185
0.007728	-6.41767
0.00773	-6.41684
0.007732	-6.41601
0.007734	-6.41518
0.007736	-6.41435
0.007738	-6.41352
0.00774	-6.41269
0.007742	-6.41187
0.007744	-6.41104
0.007746	-6.41021
0.007748	-6.40938
0.00775	-6.40856
0.007752	-6.40773
0.007754	-6.4069
0.007756	-6.40608
0.007758	-6.40525
0.00776	-6.40443
0.007762	-6.4036
0.007764	-6.40278
0.007766	-6.40195
0.007768	-6.40113
0.00777	-6.4003
0.007772	-6.39948
0.007774	-6.39866
0.007776	-6.39783
0.007778	-6.39701
0.00778	-6.39619
0.007782	-6.39537
0.007784	-6.39455
0.007786	-6.39372
0.007788	-6.3929
0.00779	-6.39208
0.007792	-6.39126
0.007794	-6.39044
0.007796	-6.38962
0.007798	-6.3888
0.0078	-6.38798
0.007802	-6.38717
0.007804	-6.38635
0.007806	-6.38553
0.007808	-6.38471
0.00781	-6.38389
0.007812	-6.38308
0.007814	-6.38226
0.007816	-6.38144
0.007818	-6.38063
0.00782	-6.37981
0.007822	-6.379
0.007824	-6.37818
0.007826	-6.37736
0.007828	-6.37655
0.00783	-6.37574
0.007832	-6.37492
0.007834	-6.37411
0.007836	-6.37329
0.007838	-6.37248
0.00784	-6.37167
0.007842	-6.37086
0.007844	-6.37004
0.007846	-6.36923
0.007848	-6.36842
0.00785	-6.36761
0.007852	-6.3668
0.007854	-6.36599
0.007856	-6.36518
0.007858	-6.36437
0.00786	-6.36356
0.007862	-6.36275
0.007864	-6.36194
0.007866	-6.36113
0.007868	-6.36032
0.00787	-6.35951
0.007872	-6.35871
0.007874	-6.3579
0.007876	-6.35709
0.007878	-6.35628
0.00788	-6.35548
0.007882	-6.35467
0.007884	-6.35387
0.007886	-6.35306
0.007888	-6.35225
0.00789	-6.35145
0.007892	-6.35064
0.007894	-6.34984
0.007896	-6.34904
0.007898	-6.34823
0.0079	-6.34743
0.007902	-6.34662
0.007904	-6.34582
0.007906	-6.34502
0.007908	-6.34422
0.00791	-6.34341
0.007912	-6.34261
0.007914	-6.34181
0.007916	-6.34101
0.007918	-6.34021
0.00792	-6.33941
0.007922	-6.33861
0.007924	-6.33781
0.007926	-6.33701
0.007928	-6.33621
0.00793	-6.33541
0.007932	-6.33461
0.007934	-6.33381
0.007936	-6.33302
0.007938	-6.33222
0.00794	-6.33142
0.007942	-6.33062
0.007944	-6.32983
0.007946	-6.32903
0.007948	-6.32823
0.00795	-6.32744
0.007952	-6.32664
0.007954	-6.32585
0.007956	-6.32505
0.007958	-6.32426
0.00796	-6.32346
0.007962	-6.32267
0.007964	-6.32187
0.007966	-6.32108
0.007968	-6.32029
0.00797	-6.31949
0.007972	-6.3187
0.007974	-6.31791
0.007976	-6.31712
0.007978	-6.31632
0.00798	-6.31553
0.007982	-6.31474
0.007984	-6.31395
0.007986	-6.31316
0.007988	-6.31237
0.00799	-6.31158
0.007992	-6.31079
0.007994	-6.31
0.007996	-6.30921
0.007998	-6.30842
