0
0.0001
0.000208
0.00032464
0.0004506112
0.000586660096
0.0007335929037
0.000892280336
0.001063662763
0.001248755784
0.001448656247
0.001664548746
0.001897712646
0.002149529658
0.00242149203
0.002715211393
0.003032428304
0.003375022569
0.003745024374
0.004144626324
0.00457619643
0.005042292144
0.005545675516
0.006089329557
0.006676475922
0.007310593995
0.007995441515
0.008735076836
0.009533882983
0.01039659362
0.01132832111
0.0123345868
0.01342135374
0.01459506204
0.01586266701
0.01723168037
0.0187102148
0.02030703198
0.02203159454
0.0238941221
0.02590565187
0.02807810402
0.03042435234
0.03295830053
0.03569496457
0.03865056174
0.04184260668
0.04529001521
0.04901321643
0.05303427374
0.05737701564
0.06206717689
0.06713255104
0.07260315513
0.07851140754
0.08489232014
0.09178370575
0.09922640221
0.1072645144
0.1159456755
0.1253213296
0.135447036
0.1463827988
0.1581934227
0.1709488966
0.1847248083
0.1996027929
0.2156710164
0.2330246977
0.2517666735
0.2720080074
0.293868648
0.3174781398
0.342976391
0.3705145023
0.4002556624
0.4323761154
0.4670662047
0.5045315011
0.5449940211
0.5886935428
0.6358890263
0.6868601484
0.7419089602
0.801361677
0.8655706112
0.9349162601
1.009809561
1.090694326
1.178049872
1.272393862
1.374285371
1.4843282
1.603174456
1.731528413
1.870150686
2.019862741
2.18155176
2.356175901
2.544769973
2.74845157
2.968427696
3.206001912
3.462582065
3.73968863
4.03896372
4.362180818
4.711255283
5
5.288744717
5.637819182
5.96103628
6.26031137
6.537417935
6.793998088
7.031572304
7.25154843
7.455230027
7.643824099
7.81844824
7.980137259
8.129849314
8.268471587
8.396825544
8.5156718
8.625714629
8.727606138
8.821950128
8.909305674
8.990190439
9.06508374
9.134429389
9.198638323
9.25809104
9.313139852
9.364110974
9.411306457
9.455005979
9.495468499
9.532933795
9.567623885
9.599744338
9.629485498
9.657023609
9.68252186
9.706131352
9.727991993
9.748233327
9.766975302
9.784328984
9.800397207
9.815275192
9.829051103
9.841806577
9.853617201
9.864552964
9.87467867
9.884054324
9.892735486
9.900773598
9.908216294
9.91510768
9.921488592
9.927396845
9.932867449
9.937932823
9.942622984
9.946965726
9.950986784
9.954709985
9.958157393
9.961349438
9.964305035
9.967041699
9.969575648
9.971921896
9.974094348
9.976105878
9.977968405
9.979692968
9.981289785
9.98276832
9.984137333
9.985404938
9.986578646
9.987665413
9.988671679
9.989603406
9.990466117
9.991264923
9.992004558
9.992689406
9.993323524
9.99391067
9.994454324
9.994957708
9.995423804
9.995855374
9.996254976
9.996624977
9.996967572
9.997284789
9.997578508
9.99785047
9.998102287
9.998335451
9.998551344
9.998751244
9.998936337
9.99910772
9.999266407
9.99941334
9.999549389
9.99967536
9.999792
9.9999
10
10.0001
10.000208
10.00032464
10.00045061
10.00058666
10.00073359
10.00089228
10.00106366
10.00124876
10.00144866
10.00166455
10.00189771
10.00214953
10.00242149
10.00271521
10.00303243
10.00337502
10.00374502
10.00414463
10.0045762
10.00504229
10.00554568
10.00608933
10.00667648
10.00731059
10.00799544
10.00873508
10.00953388
10.01039659
10.01132832
10.01233459
10.01342135
10.01459506
10.01586267
10.01723168
10.01871021
10.02030703
10.02203159
10.02389412
10.02590565
10.0280781
10.03042435
10.0329583
10.03569496
10.03865056
10.04184261
10.04529002
10.04901322
10.05303427
10.05737702
10.06206718
10.06713255
10.07260316
10.07851141
10.08489232
10.09178371
10.0992264
10.10726451
10.11594568
10.12532133
10.13544704
10.1463828
10.15819342
10.1709489
10.18472481
10.19960279
10.21567102
10.2330247
10.25176667
10.27200801
10.29386865
10.31747814
10.34297639
10.3705145
10.40025566
10.43237612
10.4670662
10.5045315
10.54499402
10.58869354
10.63588903
10.68686015
10.74190896
10.80136168
10.86557061
10.93491626
11.00980956
11.09069433
11.17804987
11.27239386
11.37428537
11.4843282
11.60317446
11.73152841
11.87015069
12.01986274
12.18155176
12.3561759
12.54476997
12.74845157
12.9684277
13.20600191
13.46258206
13.73968863
14.03896372
14.36218082
14.71125528
15.08825571
15.49541616
15.93514946
16.41006141
16.92296632
17.47690363
18.07515592
18.72126839
19.41906987
20.17269546
20.98661109
21.86563998
22.81499118
23.84029047
24.94761371
26.14352281
27.43510463
28.830013
30.33651404
31.96353517
33.72071798
35.61847542
37.66805345
39.88159773
42.27222554
44.85410359
47.64253188
50.65403443
53.90645718
57.41907375
61.21269965
65.30981563
69.73470088
74.51357695
79.6747631
85.24884415
91.26885168
97.77045982
104.7921966
