0
0.0001
0.000208
0.00032464
0.0004506112
0.000586660096
0.0007335929037
0.000892280336
0.001063662763
0.001248755784
0.001448656247
0.001664548746
0.001897712646
0.002149529658
0.00242149203
0.002715211393
0.003032428304
0.003375022569
0.003745024374
0.004144626324
0.00457619643
0.005042292144
0.005545675516
0.006089329557
0.006676475922
0.007310593995
0.007995441515
0.008735076836
0.009533882983
0.01039659362
0.01132832111
0.0123345868
0.01342135374
0.01459506204
0.01586266701
0.01723168037
0.0187102148
0.02030703198
0.02203159454
0.0238941221
0.02590565187
0.02807810402
0.03042435234
0.03295830053
0.03569496457
0.03865056174
0.04184260668
0.04529001521
0.04901321643
0.05303427374
0.05737701564
0.06206717689
0.06713255104
0.07260315513
0.07851140754
0.08489232014
0.09178370575
0.09922640221
0.1072645144
0.1159456755
0.1253213296
0.135447036
0.1463827988
0.1581934227
0.1709488966
0.1847248083
0.1996027929
0.2156710164
0.2330246977
0.2517666735
0.2720080074
0.293868648
0.3174781398
0.342976391
0.3705145023
0.4002556624
0.4323761154
0.4670662047
0.5
0.5329337953
0.5676238846
0.5997443376
0.6294854977
0.657023609
0.6825218602
0.706131352
0.7279919926
0.7482333265
0.7669753023
0.7843289836
0.8003972071
0.8152751917
0.8290511034
0.8418065773
0.8536172012
0.864552964
0.8746786704
0.8840543245
0.8927354856
0.9007735978
0.9082162942
0.9151076799
0.9214885925
0.9273968449
0.932867449
0.9379328231
0.9426229844
0.9469657263
0.9509867836
0.9547099848
0.9581573933
0.9613494383
0.9643050354
0.9670416995
0.9695756477
0.971921896
0.9740943481
0.9761058779
0.9779684055
0.979692968
0.9812897852
0.9827683196
0.984137333
0.985404938
0.9865786463
0.9876654132
0.9886716789
0.9896034064
0.990466117
0.9912649232
0.9920045585
0.992689406
0.9933235241
0.9939106704
0.9944543245
0.9949577079
0.9954238036
0.9958553737
0.9962549756
0.9966249774
0.9969675717
0.9972847886
0.997578508
0.9978504703
0.9981022874
0.9983354513
0.9985513438
0.9987512442
0.9989363372
0.9991077197
0.9992664071
0.9994133399
0.9995493888
0.99967536
0.999792
0.9999
1
1.0001
1.000208
1.00032464
1.000450611
1.00058666
1.000733593
1.00089228
1.001063663
1.001248756
1.001448656
1.001664549
1.001897713
1.00214953
1.002421492
1.002715211
1.003032428
1.003375023
1.003745024
1.004144626
1.004576196
1.005042292
1.005545676
1.00608933
1.006676476
1.007310594
1.007995442
1.008735077
1.009533883
1.010396594
1.011328321
1.012334587
1.013421354
1.014595062
1.015862667
1.01723168
1.018710215
1.020307032
1.022031595
1.023894122
1.025905652
1.028078104
1.030424352
1.032958301
1.035694965
1.038650562
1.041842607
1.045290015
1.049013216
1.053034274
1.057377016
1.062067177
1.067132551
1.072603155
1.078511408
1.08489232
1.091783706
1.099226402
1.107264514
