19.98	-1.4769e-07
19.96	-7.73237e-08
19.94	-6.03018e-08
19.92	-5.22249e-08
19.9	-4.7472e-08
19.88	-4.43667e-08
19.86	-4.22118e-08
19.84	-4.06708e-08
19.82	-3.95439e-08
19.8	-3.87212e-08
19.78	-3.81239e-08
19.76	-3.77043e-08
19.74	-3.74234e-08
19.72	-3.72558e-08
19.7	-3.71869e-08
19.68	-3.71969e-08
19.66	-3.72757e-08
19.64	-3.74178e-08
19.62	-3.76121e-08
19.6	-3.78542e-08
19.58	-3.81417e-08
19.56	-3.84681e-08
19.54	-3.88323e-08
19.52	-3.92286e-08
19.5	-3.96594e-08
19.48	-4.01179e-08
19.46	-4.06075e-08
19.44	-4.11249e-08
19.42	-4.16689e-08
19.4	-4.22384e-08
19.38	-4.28324e-08
19.36	-4.34508e-08
19.34	-4.40936e-08
19.32	-4.47609e-08
19.3	-4.54503e-08
19.28	-4.61653e-08
19.26	-4.69003e-08
19.24	-4.76585e-08
19.22	-4.84413e-08
19.2	-4.92439e-08
19.18	-5.00733e-08
19.16	-5.09226e-08
19.14	-5.17952e-08
19.12	-5.26901e-08
19.1	-5.36093e-08
19.08	-5.45519e-08
19.06	-5.55178e-08
19.04	-5.6507e-08
19.02	-5.75229e-08
19	-5.85598e-08
18.98	-5.96223e-08
18.96	-6.07114e-08
18.94	-6.18239e-08
18.92	-6.2963e-08
18.9	-6.41287e-08
18.88	-6.532e-08
18.86	-6.65368e-08
18.84	-6.77836e-08
18.82	-6.90559e-08
18.8	-7.03571e-08
18.78	-7.1686e-08
18.76	-7.30449e-08
18.74	-7.44338e-08
18.72	-7.58527e-08
18.7	-7.73026e-08
18.68	-7.87814e-08
18.66	-8.02935e-08
18.64	-8.18379e-08
18.62	-8.34155e-08
18.6	-8.50253e-08
18.58	-8.66707e-08
18.56	-8.83515e-08
18.54	-9.00657e-08
18.52	-9.18166e-08
18.5	-9.3604e-08
18.48	-9.54292e-08
18.46	-9.72922e-08
18.44	-9.9194e-08
18.42	-1.01136e-07
18.4	-1.03116e-07
18.38	-1.05139e-07
18.36	-1.07204e-07
18.34	-1.09311e-07
18.32	-1.11463e-07
18.3	-1.13657e-07
18.28	-1.159e-07
18.26	-1.18187e-07
18.24	-1.20519e-07
18.22	-1.22902e-07
18.2	-1.25333e-07
18.18	-1.27813e-07
18.16	-1.30347e-07
18.14	-1.32929e-07
18.12	-1.35565e-07
18.1	-1.38256e-07
18.08	-1.41002e-07
18.06	-1.43804e-07
18.04	-1.46663e-07
18.02	-1.49579e-07
18	-1.52557e-07
17.98	-1.55593e-07
17.96	-1.58694e-07
17.94	-1.61855e-07
17.92	-1.65082e-07
17.9	-1.68376e-07
17.88	-1.71736e-07
17.86	-1.75163e-07
17.84	-1.7866e-07
17.82	-1.8223e-07
17.8	-1.8587e-07
17.78	-1.89585e-07
17.76	-1.93375e-07
17.74	-1.97244e-07
17.72	-2.0119e-07
17.7	-2.05216e-07
17.68	-2.09325e-07
17.66	-2.13515e-07
17.64	-2.17791e-07
17.62	-2.22156e-07
17.6	-2.26607e-07
17.58	-2.31147e-07
17.56	-2.35781e-07
17.54	-2.40509e-07
17.52	-2.4533e-07
17.5	-2.50252e-07
17.48	-2.55272e-07
17.46	-2.60395e-07
17.44	-2.6562e-07
17.42	-2.70953e-07
17.4	-2.76392e-07
17.38	-2.81941e-07
17.36	-2.87601e-07
17.34	-2.93379e-07
17.32	-2.99272e-07
17.3	-3.05285e-07
17.28	-3.11419e-07
17.26	-3.17675e-07
17.24	-3.24061e-07
17.22	-3.30573e-07
17.2	-3.37217e-07
17.18	-3.43997e-07
17.16	-3.50914e-07
17.14	-3.57968e-07
17.12	-3.65168e-07
17.1	-3.72512e-07
17.08	-3.80003e-07
17.06	-3.87647e-07
17.04	-3.95445e-07
17.02	-4.034e-07
17	-4.11516e-07
16.98	-4.19796e-07
16.96	-4.28244e-07
16.94	-4.36862e-07
16.92	-4.45652e-07
16.9	-4.54622e-07
16.88	-4.63772e-07
16.86	-4.73106e-07
16.84	-4.82631e-07
16.82	-4.92345e-07
16.8	-5.02258e-07
16.78	-5.12369e-07
16.76	-5.22682e-07
16.74	-5.33207e-07
16.72	-5.43943e-07
16.7	-5.54896e-07
16.68	-5.66068e-07
16.66	-5.77469e-07
16.64	-5.89097e-07
16.62	-6.00962e-07
16.6	-6.13064e-07
16.58	-6.25411e-07
16.56	-6.38006e-07
16.54	-6.50856e-07
16.52	-6.63967e-07
16.5	-6.77339e-07
16.48	-6.90983e-07
16.46	-7.04901e-07
16.44	-7.191e-07
16.42	-7.33584e-07
16.4	-7.48361e-07
16.38	-7.63437e-07
16.36	-7.78815e-07
16.34	-7.94503e-07
16.32	-8.10508e-07
16.3	-8.26837e-07
16.28	-8.43494e-07
16.26	-8.60487e-07
16.24	-8.77821e-07
16.22	-8.95507e-07
16.2	-9.13547e-07
16.18	-9.31952e-07
16.16	-9.50727e-07
16.14	-9.69881e-07
16.12	-9.8942e-07
16.1	-1.00935e-06
16.08	-1.02969e-06
16.06	-1.05043e-06
16.04	-1.0716e-06
16.02	-1.09318e-06
16	-1.11521e-06
15.98	-1.13768e-06
15.96	-1.1606e-06
15.94	-1.18398e-06
15.92	-1.20783e-06
15.9	-1.23216e-06
15.88	-1.25699e-06
15.86	-1.28231e-06
15.84	-1.30814e-06
15.82	-1.3345e-06
15.8	-1.36138e-06
15.78	-1.38881e-06
15.76	-1.41678e-06
15.74	-1.44533e-06
15.72	-1.47444e-06
15.7	-1.50414e-06
15.68	-1.53444e-06
15.66	-1.56535e-06
15.64	-1.59688e-06
15.62	-1.62905e-06
15.6	-1.66187e-06
15.58	-1.69534e-06
15.56	-1.72949e-06
15.54	-1.76433e-06
15.52	-1.79986e-06
15.5	-1.83612e-06
15.48	-1.8731e-06
15.46	-1.91082e-06
15.44	-1.94931e-06
15.42	-1.98857e-06
15.4	-2.02862e-06
15.38	-2.06947e-06
15.36	-2.11115e-06
15.34	-2.15367e-06
15.32	-2.19703e-06
15.3	-2.24128e-06
15.28	-2.28641e-06
15.26	-2.33245e-06
15.24	-2.37942e-06
15.22	-2.42733e-06
15.2	-2.47621e-06
15.18	-2.52606e-06
15.16	-2.57693e-06
15.14	-2.62881e-06
15.12	-2.68173e-06
15.1	-2.73573e-06
15.08	-2.7908e-06
15.06	-2.84699e-06
15.04	-2.9043e-06
15.02	-2.96277e-06
15	-3.02241e-06
14.98	-3.08325e-06
14.96	-3.14531e-06
14.94	-3.20862e-06
14.92	-3.2732e-06
14.9	-3.33908e-06
14.88	-3.40629e-06
14.86	-3.47484e-06
14.84	-3.54477e-06
14.82	-3.61611e-06
14.8	-3.68888e-06
14.78	-3.76311e-06
14.76	-3.83884e-06
14.74	-3.91608e-06
14.72	-3.99488e-06
14.7	-4.07525e-06
14.68	-4.15725e-06
14.66	-4.24089e-06
14.64	-4.32621e-06
14.62	-4.41324e-06
14.6	-4.50202e-06
14.58	-4.59258e-06
14.56	-4.68496e-06
14.54	-4.7792e-06
14.52	-4.87533e-06
14.5	-4.97338e-06
14.48	-5.07341e-06
14.46	-5.17544e-06
14.44	-5.27952e-06
14.42	-5.38569e-06
14.4	-5.49399e-06
14.38	-5.60446e-06
14.36	-5.71715e-06
14.34	-5.8321e-06
14.32	-5.94935e-06
14.3	-6.06896e-06
14.28	-6.19096e-06
14.26	-6.31542e-06
14.24	-6.44237e-06
14.22	-6.57186e-06
14.2	-6.70395e-06
14.18	-6.83869e-06
14.16	-6.97614e-06
14.14	-7.11633e-06
14.12	-7.25934e-06
14.1	-7.40521e-06
14.08	-7.55401e-06
14.06	-7.70579e-06
14.04	-7.86061e-06
14.02	-8.01853e-06
14	-8.17962e-06
13.98	-8.34394e-06
13.96	-8.51155e-06
13.94	-8.68251e-06
13.92	-8.8569e-06
13.9	-9.03478e-06
13.88	-9.21623e-06
13.86	-9.4013e-06
13.84	-9.59008e-06
13.82	-9.78265e-06
13.8	-9.97907e-06
13.78	-1.01794e-05
13.76	-1.03838e-05
13.74	-1.05922e-05
13.72	-1.08048e-05
13.7	-1.10217e-05
13.68	-1.12429e-05
13.66	-1.14686e-05
13.64	-1.16987e-05
13.62	-1.19335e-05
13.6	-1.21729e-05
13.58	-1.24172e-05
13.56	-1.26663e-05
13.54	-1.29204e-05
13.52	-1.31796e-05
13.5	-1.3444e-05
13.48	-1.37136e-05
13.46	-1.39887e-05
13.44	-1.42692e-05
13.42	-1.45554e-05
13.4	-1.48472e-05
13.38	-1.51449e-05
13.36	-1.54486e-05
13.34	-1.57583e-05
13.32	-1.60742e-05
13.3	-1.63964e-05
13.28	-1.6725e-05
13.26	-1.70602e-05
13.24	-1.74021e-05
13.22	-1.77508e-05
13.2	-1.81064e-05
13.18	-1.84692e-05
13.16	-1.88392e-05
13.14	-1.92166e-05
13.12	-1.96015e-05
13.1	-1.99941e-05
13.08	-2.03945e-05
13.06	-2.08029e-05
13.04	-2.12194e-05
13.02	-2.16443e-05
13	-2.20776e-05
12.98	-2.25196e-05
12.96	-2.29703e-05
12.94	-2.34301e-05
12.92	-2.3899e-05
12.9	-2.43772e-05
12.88	-2.4865e-05
12.86	-2.53624e-05
12.84	-2.58698e-05
12.82	-2.63873e-05
12.8	-2.69151e-05
12.78	-2.74534e-05
12.76	-2.80024e-05
12.74	-2.85623e-05
12.72	-2.91333e-05
12.7	-2.97157e-05
12.68	-3.03097e-05
12.66	-3.09156e-05
12.64	-3.15334e-05
12.62	-3.21635e-05
12.6	-3.28062e-05
12.58	-3.34616e-05
12.56	-3.41301e-05
12.54	-3.48118e-05
12.52	-3.55071e-05
12.5	-3.62162e-05
12.48	-3.69393e-05
12.46	-3.76768e-05
12.44	-3.8429e-05
12.42	-3.91961e-05
12.4	-3.99784e-05
12.38	-4.07762e-05
12.36	-4.15898e-05
12.34	-4.24196e-05
12.32	-4.32658e-05
12.3	-4.41288e-05
12.28	-4.50089e-05
12.26	-4.59065e-05
12.24	-4.68218e-05
12.22	-4.77553e-05
12.2	-4.87072e-05
12.18	-4.9678e-05
12.16	-5.0668e-05
12.14	-5.16776e-05
12.12	-5.27072e-05
12.1	-5.37572e-05
12.08	-5.48279e-05
12.06	-5.59199e-05
12.04	-5.70334e-05
12.02	-5.81689e-05
12	-5.93268e-05
11.98	-6.05077e-05
11.96	-6.17118e-05
11.94	-6.29398e-05
11.92	-6.4192e-05
11.9	-6.54689e-05
11.88	-6.67711e-05
11.86	-6.80989e-05
11.84	-6.94529e-05
11.82	-7.08337e-05
11.8	-7.22417e-05
11.78	-7.36774e-05
11.76	-7.51414e-05
11.74	-7.66343e-05
11.72	-7.81566e-05
11.7	-7.97089e-05
11.68	-8.12918e-05
11.66	-8.29058e-05
11.64	-8.45516e-05
11.62	-8.62298e-05
11.6	-8.7941e-05
11.58	-8.96858e-05
11.56	-9.1465e-05
11.54	-9.32791e-05
11.52	-9.51289e-05
11.5	-9.7015e-05
11.48	-9.89382e-05
11.46	-0.000100899
11.44	-0.000102899
11.42	-0.000104937
11.4	-0.000107016
11.38	-0.000109135
11.36	-0.000111297
11.34	-0.0001135
11.32	-0.000115747
11.3	-0.000118037
11.28	-0.000120373
11.26	-0.000122754
11.24	-0.000125182
11.22	-0.000127657
11.2	-0.000130181
11.18	-0.000132754
11.16	-0.000135377
11.14	-0.000138052
11.12	-0.000140779
11.1	-0.000143559
11.08	-0.000146394
11.06	-0.000149284
11.04	-0.00015223
11.02	-0.000155234
11	-0.000158296
10.98	-0.000161418
10.96	-0.000164601
10.94	-0.000167846
10.92	-0.000171154
10.9	-0.000174526
10.88	-0.000177964
10.86	-0.000181469
10.84	-0.000185043
10.82	-0.000188685
10.8	-0.000192399
10.78	-0.000196184
10.76	-0.000200043
10.74	-0.000203977
10.72	-0.000207988
10.7	-0.000212076
10.68	-0.000216243
10.66	-0.000220491
10.64	-0.000224822
10.62	-0.000229236
10.6	-0.000233736
10.58	-0.000238323
10.56	-0.000242999
10.54	-0.000247765
10.52	-0.000252623
10.5	-0.000257575
10.48	-0.000262623
10.46	-0.000267768
10.44	-0.000273012
10.42	-0.000278358
10.4	-0.000283806
10.38	-0.00028936
10.36	-0.00029502
10.34	-0.00030079
10.32	-0.000306671
10.3	-0.000312664
10.28	-0.000318773
10.26	-0.000325
10.24	-0.000331346
10.22	-0.000337814
10.2	-0.000344406
10.18	-0.000351124
10.16	-0.000357972
10.14	-0.00036495
10.12	-0.000372062
10.1	-0.000379311
10.08	-0.000386698
10.06	-0.000394226
10.04	-0.000401898
10.02	-0.000409717
10	-0.000417686
9.98	-0.000425806
9.96	-0.000434081
9.94	-0.000442514
9.92	-0.000451108
9.9	-0.000459865
9.88	-0.00046879
9.86	-0.000477884
9.84	-0.000487151
9.82	-0.000496594
9.8	-0.000506216
9.78	-0.000516021
9.76	-0.000526012
9.74	-0.000536193
9.72	-0.000546567
9.7	-0.000557137
9.68	-0.000567907
9.66	-0.000578881
9.64	-0.000590062
9.62	-0.000601455
9.6	-0.000613063
9.58	-0.00062489
9.56	-0.00063694
9.54	-0.000649217
9.52	-0.000661726
9.5	-0.00067447
9.48	-0.000687453
9.46	-0.000700681
9.44	-0.000714158
9.42	-0.000727887
9.4	-0.000741875
9.38	-0.000756124
9.36	-0.000770641
9.34	-0.000785429
9.32	-0.000800495
9.3	-0.000815842
9.28	-0.000831476
9.26	-0.000847401
9.24	-0.000863625
9.22	-0.00088015
9.2	-0.000896984
9.18	-0.000914132
9.16	-0.000931598
9.14	-0.000949389
9.12	-0.000967511
9.1	-0.00098597
9.08	-0.00100477
9.06	-0.00102392
9.04	-0.00104343
9.02	-0.00106329
9	-0.00108352
8.98	-0.00110413
8.96	-0.00112512
8.94	-0.0011465
8.92	-0.00116827
8.9	-0.00119044
8.88	-0.00121302
8.86	-0.00123601
8.84	-0.00125943
8.82	-0.00128327
8.8	-0.00130756
8.78	-0.00133229
8.76	-0.00135747
8.74	-0.00138312
8.72	-0.00140923
8.7	-0.00143583
8.68	-0.0014629
8.66	-0.00149047
8.64	-0.00151855
8.62	-0.00154713
8.6	-0.00157624
8.58	-0.00160587
8.56	-0.00163605
8.54	-0.00166677
8.52	-0.00169804
8.5	-0.00172989
8.48	-0.00176231
8.46	-0.00179532
8.44	-0.00182892
8.42	-0.00186313
8.4	-0.00189796
8.38	-0.00193341
8.36	-0.0019695
8.34	-0.00200624
8.32	-0.00204364
8.3	-0.00208172
8.28	-0.00212047
8.26	-0.00215992
8.24	-0.00220007
8.22	-0.00224095
8.2	-0.00228255
8.18	-0.00232489
8.16	-0.00236799
8.14	-0.00241186
8.12	-0.0024565
8.1	-0.00250194
8.08	-0.00254819
8.06	-0.00259525
8.04	-0.00264315
8.02	-0.0026919
8	-0.00274151
7.98	-0.00279199
7.96	-0.00284336
7.94	-0.00289564
7.92	-0.00294884
7.9	-0.00300297
7.88	-0.00305805
7.86	-0.0031141
7.84	-0.00317113
7.82	-0.00322915
7.8	-0.00328819
7.78	-0.00334826
7.76	-0.00340938
7.74	-0.00347156
7.72	-0.00353483
7.7	-0.00359919
7.68	-0.00366467
7.66	-0.00373128
7.64	-0.00379905
7.62	-0.00386799
7.6	-0.00393812
7.58	-0.00400945
7.56	-0.00408202
7.54	-0.00415584
7.52	-0.00423092
7.5	-0.00430729
7.48	-0.00438497
7.46	-0.00446398
7.44	-0.00454434
7.42	-0.00462607
7.4	-0.00470919
7.38	-0.00479374
7.36	-0.00487971
7.34	-0.00496715
7.32	-0.00505607
7.3	-0.0051465
7.28	-0.00523846
7.26	-0.00533197
7.24	-0.00542705
7.22	-0.00552374
7.2	-0.00562206
7.18	-0.00572202
7.16	-0.00582367
7.14	-0.00592702
7.12	-0.00603209
7.1	-0.00613892
7.08	-0.00624754
7.06	-0.00635796
7.04	-0.00647022
7.02	-0.00658435
7	-0.00670037
6.98	-0.00681831
6.96	-0.0069382
6.94	-0.00706007
6.92	-0.00718395
6.9	-0.00730987
6.88	-0.00743786
6.86	-0.00756796
6.84	-0.00770018
6.82	-0.00783457
6.8	-0.00797116
6.78	-0.00810998
6.76	-0.00825105
6.74	-0.00839443
6.72	-0.00854013
6.7	-0.0086882
6.68	-0.00883866
6.66	-0.00899156
6.64	-0.00914693
6.62	-0.0093048
6.6	-0.00946521
6.58	-0.0096282
6.56	-0.0097938
6.54	-0.00996206
6.52	-0.010133
6.5	-0.0103067
6.48	-0.0104831
6.46	-0.0106624
6.44	-0.0108445
6.42	-0.0110295
6.4	-0.0112174
6.38	-0.0114083
6.36	-0.0116022
6.34	-0.0117992
6.32	-0.0119992
6.3	-0.0122024
6.28	-0.0124088
6.26	-0.0126184
6.24	-0.0128313
6.22	-0.0130475
6.2	-0.0132671
6.18	-0.0134901
6.16	-0.0137166
6.14	-0.0139465
6.12	-0.0141801
6.1	-0.0144172
6.08	-0.014658
6.06	-0.0149025
6.04	-0.0151507
6.02	-0.0154028
6	-0.0156587
5.98	-0.0159185
5.96	-0.0161823
5.94	-0.0164501
5.92	-0.0167219
5.9	-0.0169979
5.88	-0.0172781
5.86	-0.0175625
5.84	-0.0178512
5.82	-0.0181443
5.8	-0.0184417
5.78	-0.0187436
5.76	-0.0190501
5.74	-0.0193611
5.72	-0.0196767
5.7	-0.0199971
5.68	-0.0203222
5.66	-0.0206522
5.64	-0.020987
5.62	-0.0213268
5.6	-0.0216716
5.58	-0.0220215
5.56	-0.0223765
5.54	-0.0227367
5.52	-0.0231022
5.5	-0.0234731
5.48	-0.0238494
5.46	-0.0242311
5.44	-0.0246184
5.42	-0.0250113
5.4	-0.0254099
5.38	-0.0258143
5.36	-0.0262245
5.34	-0.0266406
5.32	-0.0270627
5.3	-0.0274908
5.28	-0.0279251
5.26	-0.0283656
5.24	-0.0288123
5.22	-0.0292655
5.2	-0.029725
5.18	-0.0301911
5.16	-0.0306637
5.14	-0.031143
5.12	-0.0316291
5.1	-0.032122
5.08	-0.0326219
5.06	-0.0331287
5.04	-0.0336427
5.02	-0.0341638
5	-0.0346921
4.98	-0.0352278
4.96	-0.0357709
4.94	-0.0363216
4.92	-0.0368798
4.9	-0.0374458
4.88	-0.0380195
4.86	-0.0386012
4.84	-0.0391907
4.82	-0.0397884
4.8	-0.0403942
4.78	-0.0410083
4.76	-0.0416307
4.74	-0.0422615
4.72	-0.0429009
4.7	-0.043549
4.68	-0.0442057
4.66	-0.0448713
4.64	-0.0455459
4.62	-0.0462295
4.6	-0.0469222
4.58	-0.0476242
4.56	-0.0483355
4.54	-0.0490563
4.52	-0.0497867
4.5	-0.0505267
4.48	-0.0512765
4.46	-0.0520362
4.44	-0.0528059
4.42	-0.0535856
4.4	-0.0543757
4.38	-0.055176
4.36	-0.0559868
4.34	-0.0568081
4.32	-0.0576401
4.3	-0.0584829
4.28	-0.0593366
4.26	-0.0602014
4.24	-0.0610773
4.22	-0.0619644
4.2	-0.062863
4.18	-0.063773
4.16	-0.0646947
4.14	-0.0656282
4.12	-0.0665735
4.1	-0.0675308
4.08	-0.0685003
4.06	-0.069482
4.04	-0.0704762
4.02	-0.0714828
4	-0.0725022
3.98	-0.0735343
3.96	-0.0745793
3.94	-0.0756374
3.92	-0.0767087
3.9	-0.0777933
3.88	-0.0788914
3.86	-0.0800031
3.84	-0.0811285
3.82	-0.0822678
3.8	-0.0834212
3.78	-0.0845887
3.76	-0.0857706
3.74	-0.0869669
3.72	-0.0881778
3.7	-0.0894035
3.68	-0.0906441
3.66	-0.0918997
3.64	-0.0931706
3.62	-0.0944568
3.6	-0.0957585
3.58	-0.0970759
3.56	-0.0984092
3.54	-0.0997584
3.52	-0.101124
3.5	-0.102505
3.48	-0.103903
3.46	-0.105318
3.44	-0.10675
3.42	-0.108198
3.4	-0.109664
3.38	-0.111147
3.36	-0.112647
3.34	-0.114165
3.32	-0.1157
3.3	-0.117254
3.28	-0.118826
3.26	-0.120416
3.24	-0.122024
3.22	-0.123652
3.2	-0.125298
3.18	-0.126963
3.16	-0.128647
3.14	-0.13035
3.12	-0.132073
3.1	-0.133816
3.08	-0.135579
3.06	-0.137362
3.04	-0.139165
3.02	-0.140989
3	-0.142833
2.98	-0.144698
2.96	-0.146584
2.94	-0.148492
2.92	-0.150421
2.9	-0.152371
2.88	-0.154343
2.86	-0.156338
2.84	-0.158354
2.82	-0.160393
2.8	-0.162455
2.78	-0.164539
2.76	-0.166647
2.74	-0.168778
2.72	-0.170932
2.7	-0.17311
2.68	-0.175312
2.66	-0.177537
2.64	-0.179787
2.62	-0.182062
2.6	-0.184361
2.58	-0.186686
2.56	-0.189035
2.54	-0.19141
2.52	-0.19381
2.5	-0.196237
2.48	-0.198689
2.46	-0.201167
2.44	-0.203672
2.42	-0.206204
2.4	-0.208763
2.38	-0.211348
2.36	-0.213962
2.34	-0.216603
2.32	-0.219271
2.3	-0.221968
2.28	-0.224693
2.26	-0.227447
2.24	-0.23023
2.22	-0.233041
2.2	-0.235882
2.18	-0.238752
2.16	-0.241653
2.14	-0.244583
2.12	-0.247543
2.1	-0.250534
2.08	-0.253556
2.06	-0.256609
2.04	-0.259693
2.02	-0.262808
2	-0.265956
1.98	-0.269135
1.96	-0.272346
1.94	-0.27559
1.92	-0.278867
1.9	-0.282177
1.88	-0.28552
1.86	-0.288897
1.84	-0.292308
1.82	-0.295752
1.8	-0.299231
1.78	-0.302745
1.76	-0.306293
1.74	-0.309877
1.72	-0.313496
1.7	-0.317151
1.68	-0.320841
1.66	-0.324568
1.64	-0.328332
1.62	-0.332132
1.6	-0.335969
1.58	-0.339843
1.56	-0.343755
1.54	-0.347705
1.52	-0.351693
1.5	-0.35572
1.48	-0.359785
1.46	-0.363889
1.44	-0.368032
1.42	-0.372215
1.4	-0.376438
1.38	-0.3807
1.36	-0.385004
1.34	-0.389347
1.32	-0.393732
1.3	-0.398158
1.28	-0.402626
1.26	-0.407135
1.24	-0.411686
1.22	-0.41628
1.2	-0.420916
1.18	-0.425596
1.16	-0.430318
1.14	-0.435084
1.12	-0.439894
1.1	-0.444748
1.08	-0.449646
1.06	-0.454589
1.04	-0.459577
1.02	-0.46461
1	-0.469688
0.98	-0.474813
0.96	-0.479983
0.94	-0.4852
0.92	-0.490464
0.9	-0.495774
0.88	-0.501132
0.86	-0.506537
0.84	-0.51199
0.82	-0.517492
0.8	-0.523041
0.78	-0.528639
0.76	-0.534287
0.74	-0.539983
0.72	-0.545729
0.7	-0.551525
0.68	-0.557371
0.66	-0.563267
0.64	-0.569214
0.62	-0.575212
0.6	-0.581261
0.58	-0.587361
0.56	-0.593513
0.54	-0.599717
0.52	-0.605974
0.5	-0.612283
0.48	-0.618645
0.46	-0.62506
0.44	-0.631528
0.42	-0.63805
0.4	-0.644626
0.38	-0.651256
0.36	-0.65794
0.34	-0.664679
0.32	-0.671473
0.3	-0.678322
0.28	-0.685227
0.26	-0.692187
0.24	-0.699203
0.22	-0.706275
0.2	-0.713404
0.18	-0.720589
0.16	-0.727831
0.14	-0.735131
0.12	-0.742487
0.1	-0.749901
0.08	-0.757373
0.06	-0.764903
0.04	-0.772491
0.02	-0.780137
3.37778e-13	-0.787842
-0.02	-0.795606
-0.04	-0.803429
-0.06	-0.811311
-0.08	-0.819253
-0.1	-0.827254
-0.12	-0.835315
-0.14	-0.843435
-0.16	-0.851616
-0.18	-0.859858
-0.2	-0.868159
-0.22	-0.876521
-0.24	-0.884944
-0.26	-0.893428
-0.28	-0.901973
-0.3	-0.91058
-0.32	-0.919247
-0.34	-0.927976
-0.36	-0.936767
-0.38	-0.945619
-0.4	-0.954533
-0.42	-0.963509
-0.44	-0.972547
-0.46	-0.981647
-0.48	-0.990809
-0.5	-1.00003
-0.52	-1.00932
-0.54	-1.01867
-0.56	-1.02808
-0.58	-1.03756
-0.6	-1.04709
-0.62	-1.05669
-0.64	-1.06635
-0.66	-1.07608
-0.68	-1.08586
-0.7	-1.09571
-0.72	-1.10563
-0.74	-1.1156
-0.76	-1.12564
-0.78	-1.13574
-0.8	-1.1459
-0.82	-1.15612
-0.84	-1.16641
-0.86	-1.17676
-0.88	-1.18717
-0.9	-1.19765
-0.92	-1.20818
-0.94	-1.21878
-0.96	-1.22944
-0.98	-1.24016
-1	-1.25094
-1.02	-1.26178
-1.04	-1.27269
-1.06	-1.28365
-1.08	-1.29468
-1.1	-1.30577
-1.12	-1.31692
-1.14	-1.32812
-1.16	-1.33939
-1.18	-1.35072
-1.2	-1.3621
-1.22	-1.37355
-1.24	-1.38505
-1.26	-1.39662
-1.28	-1.40824
-1.3	-1.41992
-1.32	-1.43165
-1.34	-1.44345
-1.36	-1.4553
-1.38	-1.46721
-1.4	-1.47917
-1.42	-1.49119
-1.44	-1.50326
-1.46	-1.51539
-1.48	-1.52758
-1.5	-1.53981
-1.52	-1.5521
-1.54	-1.56445
-1.56	-1.57684
-1.58	-1.58929
-1.6	-1.60179
-1.62	-1.61434
-1.64	-1.62694
-1.66	-1.63959
-1.68	-1.65229
-1.7	-1.66504
-1.72	-1.67783
-1.74	-1.69068
-1.76	-1.70356
-1.78	-1.7165
-1.8	-1.72948
-1.82	-1.7425
-1.84	-1.75557
-1.86	-1.76868
-1.88	-1.78183
-1.9	-1.79503
-1.92	-1.80826
-1.94	-1.82153
-1.96	-1.83485
-1.98	-1.8482
-2	-1.86158
-2.02	-1.87501
-2.04	-1.88847
-2.06	-1.90196
-2.08	-1.91549
-2.1	-1.92905
-2.12	-1.94264
-2.14	-1.95626
-2.16	-1.96991
-2.18	-1.98359
-2.2	-1.9973
-2.22	-2.01103
-2.24	-2.02479
-2.26	-2.03857
-2.28	-2.05238
-2.3	-2.06621
-2.32	-2.08006
-2.34	-2.09392
-2.36	-2.10781
-2.38	-2.12171
-2.4	-2.13563
-2.42	-2.14957
-2.44	-2.16352
-2.46	-2.17748
-2.48	-2.19145
-2.5	-2.20543
-2.52	-2.21942
-2.54	-2.23342
-2.56	-2.24742
-2.58	-2.26143
-2.6	-2.27544
-2.62	-2.28945
-2.64	-2.30346
-2.66	-2.31747
-2.68	-2.33148
-2.7	-2.34548
-2.72	-2.35948
-2.74	-2.37347
-2.76	-2.38745
-2.78	-2.40142
-2.8	-2.41539
-2.82	-2.42933
-2.84	-2.44326
-2.86	-2.45718
-2.88	-2.47108
-2.9	-2.48496
-2.92	-2.49882
-2.94	-2.51265
-2.96	-2.52646
-2.98	-2.54025
-3	-2.55401
-3.02	-2.56773
-3.04	-2.58143
-3.06	-2.5951
-3.08	-2.60873
-3.1	-2.62233
-3.12	-2.63588
-3.14	-2.6494
-3.16	-2.66288
-3.18	-2.67632
-3.2	-2.68971
-3.22	-2.70305
-3.24	-2.71635
-3.26	-2.7296
-3.28	-2.74279
-3.3	-2.75594
-3.32	-2.76903
-3.34	-2.78206
-3.36	-2.79504
-3.38	-2.80795
-3.4	-2.82081
-3.42	-2.8336
-3.44	-2.84632
-3.46	-2.85898
-3.48	-2.87157
-3.5	-2.88409
-3.52	-2.89654
-3.54	-2.90892
-3.56	-2.92122
-3.58	-2.93344
-3.6	-2.94558
-3.62	-2.95765
-3.64	-2.96963
-3.66	-2.98153
-3.68	-2.99334
-3.7	-3.00507
-3.72	-3.0167
-3.74	-3.02825
-3.76	-3.0397
-3.78	-3.05107
-3.8	-3.06233
-3.82	-3.0735
-3.84	-3.08457
-3.86	-3.09555
-3.88	-3.10642
-3.9	-3.11718
-3.92	-3.12785
-3.94	-3.1384
-3.96	-3.14885
-3.98	-3.15919
-4	-3.16943
-4.02	-3.17955
-4.04	-3.18955
-4.06	-3.19944
-4.08	-3.20922
-4.1	-3.21888
-4.12	-3.22842
-4.14	-3.23784
-4.16	-3.24714
-4.18	-3.25632
-4.2	-3.26538
-4.22	-3.27431
-4.24	-3.28312
-4.26	-3.29179
-4.28	-3.30035
-4.3	-3.30877
-4.32	-3.31706
-4.34	-3.32522
-4.36	-3.33325
-4.38	-3.34115
-4.4	-3.34891
-4.42	-3.35654
-4.44	-3.36404
-4.46	-3.37139
-4.48	-3.37861
-4.5	-3.3857
-4.52	-3.39264
-4.54	-3.39945
-4.56	-3.40611
-4.58	-3.41264
-4.6	-3.41902
-4.62	-3.42526
-4.64	-3.43136
-4.66	-3.43732
-4.68	-3.44314
-4.7	-3.44881
-4.72	-3.45434
-4.74	-3.45972
-4.76	-3.46496
-4.78	-3.47005
-4.8	-3.475
-4.82	-3.47981
-4.84	-3.48447
-4.86	-3.48898
-4.88	-3.49335
-4.9	-3.49758
-4.92	-3.50166
-4.94	-3.50559
-4.96	-3.50938
-4.98	-3.51302
-5	-3.51652
-5.02	-3.51987
-5.04	-3.52308
-5.06	-3.52614
-5.08	-3.52906
-5.1	-3.53184
-5.12	-3.53447
-5.14	-3.53696
-5.16	-3.53931
-5.18	-3.54151
-5.2	-3.54358
-5.22	-3.5455
-5.24	-3.54728
-5.26	-3.54892
-5.28	-3.55042
-5.3	-3.55179
-5.32	-3.55301
-5.34	-3.5541
-5.36	-3.55505
-5.38	-3.55587
-5.4	-3.55655
-5.42	-3.5571
-5.44	-3.55751
-5.46	-3.5578
-5.48	-3.55795
-5.5	-3.55797
-5.52	-3.55786
-5.54	-3.55762
-5.56	-3.55725
-5.58	-3.55676
-5.6	-3.55614
-5.62	-3.5554
-5.64	-3.55454
-5.66	-3.55355
-5.68	-3.55244
-5.7	-3.55122
-5.72	-3.54987
-5.74	-3.54841
-5.76	-3.54683
-5.78	-3.54514
-5.8	-3.54333
-5.82	-3.54141
-5.84	-3.53938
-5.86	-3.53724
-5.88	-3.535
-5.9	-3.53264
-5.92	-3.53018
-5.94	-3.52762
-5.96	-3.52496
-5.98	-3.52219
-6	-3.51932
-6.02	-3.51636
-6.04	-3.51329
-6.06	-3.51014
-6.08	-3.50689
-6.1	-3.50354
-6.12	-3.50011
-6.14	-3.49658
-6.16	-3.49297
-6.18	-3.48927
-6.2	-3.48548
-6.22	-3.48161
-6.24	-3.47766
-6.26	-3.47362
-6.28	-3.46951
-6.3	-3.46532
-6.32	-3.46105
-6.34	-3.45671
-6.36	-3.4523
-6.38	-3.44781
-6.4	-3.44325
-6.42	-3.43862
-6.44	-3.43393
-6.46	-3.42917
-6.48	-3.42434
-6.5	-3.41945
-6.52	-3.4145
-6.54	-3.40949
-6.56	-3.40442
-6.58	-3.39929
-6.6	-3.39411
-6.62	-3.38887
-6.64	-3.38357
-6.66	-3.37823
-6.68	-3.37283
-6.7	-3.36739
-6.72	-3.3619
-6.74	-3.35636
-6.76	-3.35077
-6.78	-3.34514
-6.8	-3.33947
-6.82	-3.33376
-6.84	-3.32801
-6.86	-3.32222
-6.88	-3.31639
-6.9	-3.31052
-6.92	-3.30462
-6.94	-3.29869
-6.96	-3.29272
-6.98	-3.28672
-7	-3.2807
-7.02	-3.27464
-7.04	-3.26855
-7.06	-3.26244
-7.08	-3.2563
-7.1	-3.25014
-7.12	-3.24395
-7.14	-3.23775
-7.16	-3.23152
-7.18	-3.22527
-7.2	-3.219
-7.22	-3.21271
-7.24	-3.2064
-7.26	-3.20008
-7.28	-3.19374
-7.3	-3.18739
-7.32	-3.18103
-7.34	-3.17465
-7.36	-3.16826
-7.38	-3.16186
-7.4	-3.15545
-7.42	-3.14904
-7.44	-3.14261
-7.46	-3.13617
-7.48	-3.12973
-7.5	-3.12329
-7.52	-3.11684
-7.54	-3.11038
-7.56	-3.10392
-7.58	-3.09746
-7.6	-3.091
-7.62	-3.08453
-7.64	-3.07807
-7.66	-3.0716
-7.68	-3.06514
-7.7	-3.05868
-7.72	-3.05222
-7.74	-3.04576
-7.76	-3.03931
-7.78	-3.03285
-7.8	-3.02641
-7.82	-3.01997
-7.84	-3.01353
-7.86	-3.0071
-7.88	-3.00068
-7.9	-2.99427
-7.92	-2.98786
-7.94	-2.98146
-7.96	-2.97507
-7.98	-2.96869
-8	-2.96232
-8.02	-2.95596
-8.04	-2.9496
-8.06	-2.94326
-8.08	-2.93694
-8.1	-2.93062
-8.12	-2.92431
-8.14	-2.91802
-8.16	-2.91174
-8.18	-2.90548
-8.2	-2.89922
-8.22	-2.89299
-8.24	-2.88676
-8.26	-2.88055
-8.28	-2.87436
-8.3	-2.86818
-8.32	-2.86201
-8.34	-2.85587
-8.36	-2.84973
-8.38	-2.84362
-8.4	-2.83752
-8.42	-2.83143
-8.44	-2.82537
-8.46	-2.81932
-8.48	-2.81329
-8.5	-2.80728
-8.52	-2.80128
-8.54	-2.7953
-8.56	-2.78934
-8.58	-2.7834
-8.6	-2.77748
-8.62	-2.77158
-8.64	-2.76569
-8.66	-2.75983
-8.68	-2.75398
-8.7	-2.74815
-8.72	-2.74234
-8.74	-2.73656
-8.76	-2.73079
-8.78	-2.72504
-8.8	-2.71931
-8.82	-2.7136
-8.84	-2.70791
-8.86	-2.70225
-8.88	-2.6966
-8.9	-2.69097
-8.92	-2.68536
-8.94	-2.67978
-8.96	-2.67421
-8.98	-2.66867
-9	-2.66314
-9.02	-2.65764
-9.04	-2.65216
-9.06	-2.64669
-9.08	-2.64125
-9.1	-2.63583
-9.12	-2.63043
-9.14	-2.62506
-9.16	-2.6197
-9.18	-2.61436
-9.2	-2.60905
-9.22	-2.60375
-9.24	-2.59848
-9.26	-2.59323
-9.28	-2.588
-9.3	-2.58279
-9.32	-2.5776
-9.34	-2.57243
-9.36	-2.56729
-9.38	-2.56216
-9.4	-2.55706
-9.42	-2.55198
-9.44	-2.54691
-9.46	-2.54187
-9.48	-2.53685
-9.5	-2.53185
-9.52	-2.52688
-9.54	-2.52192
-9.56	-2.51698
-9.58	-2.51207
-9.6	-2.50717
-9.62	-2.5023
-9.64	-2.49744
-9.66	-2.49261
-9.68	-2.4878
-9.7	-2.48301
-9.72	-2.47823
-9.74	-2.47348
-9.76	-2.46875
-9.78	-2.46404
-9.8	-2.45935
-9.82	-2.45468
-9.84	-2.45003
-9.86	-2.4454
-9.88	-2.4408
-9.9	-2.43621
-9.92	-2.43164
-9.94	-2.42709
-9.96	-2.42256
-9.98	-2.41805
-10	-2.41356
-10.02	-2.40909
-10.04	-2.40464
-10.06	-2.4002
-10.08	-2.39579
-10.1	-2.3914
-10.12	-2.38703
-10.14	-2.38267
-10.16	-2.37834
-10.18	-2.37402
-10.2	-2.36972
-10.22	-2.36544
-10.24	-2.36118
-10.26	-2.35694
-10.28	-2.35272
-10.3	-2.34852
-10.32	-2.34433
-10.34	-2.34016
-10.36	-2.33602
-10.38	-2.33189
-10.4	-2.32777
-10.42	-2.32368
-10.44	-2.3196
-10.46	-2.31555
-10.48	-2.31151
-10.5	-2.30748
-10.52	-2.30348
-10.54	-2.29949
-10.56	-2.29552
-10.58	-2.29157
-10.6	-2.28764
-10.62	-2.28372
-10.64	-2.27982
-10.66	-2.27594
-10.68	-2.27207
-10.7	-2.26822
-10.72	-2.26439
-10.74	-2.26057
-10.76	-2.25678
-10.78	-2.25299
-10.8	-2.24923
-10.82	-2.24548
-10.84	-2.24175
-10.86	-2.23803
-10.88	-2.23433
-10.9	-2.23065
-10.92	-2.22698
-10.94	-2.22333
-10.96	-2.21969
-10.98	-2.21607
-11	-2.21247
-11.02	-2.20888
-11.04	-2.20531
-11.06	-2.20175
-11.08	-2.19821
-11.1	-2.19468
-11.12	-2.19117
-11.14	-2.18767
-11.16	-2.18419
-11.18	-2.18073
-11.2	-2.17727
-11.22	-2.17384
-11.24	-2.17042
-11.26	-2.16701
-11.28	-2.16362
-11.3	-2.16024
-11.32	-2.15688
-11.34	-2.15353
-11.36	-2.15019
-11.38	-2.14687
-11.4	-2.14357
-11.42	-2.14027
-11.44	-2.137
-11.46	-2.13373
-11.48	-2.13048
-11.5	-2.12725
-11.52	-2.12402
-11.54	-2.12081
-11.56	-2.11762
-11.58	-2.11444
-11.6	-2.11127
-11.62	-2.10811
-11.64	-2.10497
-11.66	-2.10184
-11.68	-2.09872
-11.7	-2.09562
-11.72	-2.09253
-11.74	-2.08945
-11.76	-2.08639
-11.78	-2.08334
-11.8	-2.0803
-11.82	-2.07727
-11.84	-2.07426
-11.86	-2.07126
-11.88	-2.06827
-11.9	-2.06529
-11.92	-2.06233
-11.94	-2.05938
-11.96	-2.05644
-11.98	-2.05351
-12	-2.05059
-12.02	-2.04769
-12.04	-2.0448
-12.06	-2.04192
-12.08	-2.03905
-12.1	-2.03619
-12.12	-2.03335
-12.14	-2.03051
-12.16	-2.02769
-12.18	-2.02488
-12.2	-2.02208
-12.22	-2.01929
-12.24	-2.01651
-12.26	-2.01375
-12.28	-2.01099
-12.3	-2.00825
-12.32	-2.00552
-12.34	-2.00279
-12.36	-2.00008
-12.38	-1.99738
-12.4	-1.99469
-12.42	-1.99201
-12.44	-1.98935
-12.46	-1.98669
-12.48	-1.98404
-12.5	-1.9814
-12.52	-1.97878
-12.54	-1.97616
-12.56	-1.97355
-12.58	-1.97096
-12.6	-1.96837
-12.62	-1.96579
-12.64	-1.96323
-12.66	-1.96067
-12.68	-1.95813
-12.7	-1.95559
-12.72	-1.95306
-12.74	-1.95055
-12.76	-1.94804
-12.78	-1.94554
-12.8	-1.94306
-12.82	-1.94058
-12.84	-1.93811
-12.86	-1.93565
-12.88	-1.9332
-12.9	-1.93076
-12.92	-1.92833
-12.94	-1.9259
-12.96	-1.92349
-12.98	-1.92109
-13	-1.91869
-13.02	-1.91631
-13.04	-1.91393
-13.06	-1.91156
-13.08	-1.9092
-13.1	-1.90685
-13.12	-1.90451
-13.14	-1.90218
-13.16	-1.89985
-13.18	-1.89754
-13.2	-1.89523
-13.22	-1.89293
-13.24	-1.89064
-13.26	-1.88836
-13.28	-1.88608
-13.3	-1.88382
-13.32	-1.88156
-13.34	-1.87931
-13.36	-1.87707
-13.38	-1.87484
-13.4	-1.87262
-13.42	-1.8704
-13.44	-1.86819
-13.46	-1.86599
-13.48	-1.8638
-13.5	-1.86161
-13.52	-1.85944
-13.54	-1.85727
-13.56	-1.85511
-13.58	-1.85295
-13.6	-1.85081
-13.62	-1.84867
-13.64	-1.84654
-13.66	-1.84442
-13.68	-1.8423
-13.7	-1.84019
-13.72	-1.83809
-13.74	-1.836
-13.76	-1.83391
-13.78	-1.83183
-13.8	-1.82976
-13.82	-1.8277
-13.84	-1.82564
-13.86	-1.82359
-13.88	-1.82155
-13.9	-1.81951
-13.92	-1.81749
-13.94	-1.81546
-13.96	-1.81345
-13.98	-1.81144
-14	-1.80944
-14.02	-1.80745
-14.04	-1.80546
-14.06	-1.80348
-14.08	-1.80151
-14.1	-1.79954
-14.12	-1.79758
-14.14	-1.79562
-14.16	-1.79368
-14.18	-1.79174
-14.2	-1.7898
-14.22	-1.78787
-14.24	-1.78595
-14.26	-1.78404
-14.28	-1.78213
-14.3	-1.78023
-14.32	-1.77833
-14.34	-1.77644
-14.36	-1.77456
-14.38	-1.77268
-14.4	-1.77081
-14.42	-1.76895
-14.44	-1.76709
-14.46	-1.76524
-14.48	-1.76339
-14.5	-1.76155
-14.52	-1.75972
-14.54	-1.75789
-14.56	-1.75607
-14.58	-1.75425
-14.6	-1.75244
-14.62	-1.75064
-14.64	-1.74884
-14.66	-1.74704
-14.68	-1.74526
-14.7	-1.74347
-14.72	-1.7417
-14.74	-1.73993
-14.76	-1.73816
-14.78	-1.7364
-14.8	-1.73465
-14.82	-1.7329
-14.84	-1.73116
-14.86	-1.72942
-14.88	-1.72769
-14.9	-1.72597
-14.92	-1.72425
-14.94	-1.72253
-14.96	-1.72082
-14.98	-1.71912
-15	-1.71742
-15.02	-1.71572
-15.04	-1.71404
-15.06	-1.71235
-15.08	-1.71067
-15.1	-1.709
-15.12	-1.70733
-15.14	-1.70567
-15.16	-1.70401
-15.18	-1.70236
-15.2	-1.70071
-15.22	-1.69907
-15.24	-1.69743
-15.26	-1.6958
-15.28	-1.69417
-15.3	-1.69255
-15.32	-1.69093
-15.34	-1.68932
-15.36	-1.68771
-15.38	-1.68611
-15.4	-1.68451
-15.42	-1.68291
-15.44	-1.68133
-15.46	-1.67974
-15.48	-1.67816
-15.5	-1.67659
-15.52	-1.67502
-15.54	-1.67345
-15.56	-1.67189
-15.58	-1.67033
-15.6	-1.66878
-15.62	-1.66724
-15.64	-1.66569
-15.66	-1.66416
-15.68	-1.66262
-15.7	-1.66109
-15.72	-1.65957
-15.74	-1.65805
-15.76	-1.65653
-15.78	-1.65502
-15.8	-1.65351
-15.82	-1.65201
-15.84	-1.65051
-15.86	-1.64902
-15.88	-1.64753
-15.9	-1.64604
-15.92	-1.64456
-15.94	-1.64308
-15.96	-1.64161
-15.98	-1.64014
-16	-1.63868
-16.02	-1.63722
-16.04	-1.63576
-16.06	-1.63431
-16.08	-1.63286
-16.1	-1.63142
-16.12	-1.62997
-16.14	-1.62854
-16.16	-1.62711
-16.18	-1.62568
-16.2	-1.62425
-16.22	-1.62283
-16.24	-1.62142
-16.26	-1.62001
-16.28	-1.6186
-16.3	-1.61719
-16.32	-1.61579
-16.34	-1.61439
-16.36	-1.613
-16.38	-1.61161
-16.4	-1.61023
-16.42	-1.60885
-16.44	-1.60747
-16.46	-1.60609
-16.48	-1.60472
-16.5	-1.60336
-16.52	-1.60199
-16.54	-1.60063
-16.56	-1.59928
-16.58	-1.59793
-16.6	-1.59658
-16.62	-1.59523
-16.64	-1.59389
-16.66	-1.59255
-16.68	-1.59122
-16.7	-1.58989
-16.72	-1.58856
-16.74	-1.58724
-16.76	-1.58592
-16.78	-1.5846
-16.8	-1.58329
-16.82	-1.58198
-16.84	-1.58067
-16.86	-1.57937
-16.88	-1.57807
-16.9	-1.57677
-16.92	-1.57548
-16.94	-1.57419
-16.96	-1.57291
-16.98	-1.57162
-17	-1.57034
-17.02	-1.56907
-17.04	-1.56779
-17.06	-1.56652
-17.08	-1.56526
-17.1	-1.564
-17.12	-1.56274
-17.14	-1.56148
-17.16	-1.56023
-17.18	-1.55898
-17.2	-1.55773
-17.22	-1.55648
-17.24	-1.55524
-17.26	-1.55401
-17.28	-1.55277
-17.3	-1.55154
-17.32	-1.55031
-17.34	-1.54909
-17.36	-1.54787
-17.38	-1.54665
-17.4	-1.54543
-17.42	-1.54422
-17.44	-1.54301
-17.46	-1.5418
-17.48	-1.5406
-17.5	-1.5394
-17.52	-1.5382
-17.54	-1.537
-17.56	-1.53581
-17.58	-1.53462
-17.6	-1.53343
-17.62	-1.53225
-17.64	-1.53107
-17.66	-1.52989
-17.68	-1.52872
-17.7	-1.52755
-17.72	-1.52638
-17.74	-1.52521
-17.76	-1.52405
-17.78	-1.52289
-17.8	-1.52173
-17.82	-1.52057
-17.84	-1.51942
-17.86	-1.51827
-17.88	-1.51713
-17.9	-1.51598
-17.92	-1.51484
-17.94	-1.5137
-17.96	-1.51257
-17.98	-1.51143
-18	-1.5103
-18.02	-1.50917
-18.04	-1.50805
-18.06	-1.50693
-18.08	-1.50581
-18.1	-1.50469
-18.12	-1.50358
-18.14	-1.50246
-18.16	-1.50135
-18.18	-1.50025
-18.2	-1.49914
-18.22	-1.49804
-18.24	-1.49694
-18.26	-1.49585
-18.28	-1.49475
-18.3	-1.49366
-18.32	-1.49257
-18.34	-1.49149
-18.36	-1.4904
-18.38	-1.48932
-18.4	-1.48824
-18.42	-1.48716
-18.44	-1.48609
-18.46	-1.48502
-18.48	-1.48395
-18.5	-1.48288
-18.52	-1.48182
-18.54	-1.48076
-18.56	-1.4797
-18.58	-1.47864
-18.6	-1.47759
-18.62	-1.47653
-18.64	-1.47548
-18.66	-1.47444
-18.68	-1.47339
-18.7	-1.47235
-18.72	-1.47131
-18.74	-1.47027
-18.76	-1.46923
-18.78	-1.4682
-18.8	-1.46717
-18.82	-1.46614
-18.84	-1.46511
-18.86	-1.46409
-18.88	-1.46306
-18.9	-1.46204
-18.92	-1.46103
-18.94	-1.46001
-18.96	-1.459
-18.98	-1.45799
-19	-1.45698
-19.02	-1.45597
-19.04	-1.45497
-19.06	-1.45396
-19.08	-1.45296
-19.1	-1.45197
-19.12	-1.45097
-19.14	-1.44998
-19.16	-1.44899
-19.18	-1.448
-19.2	-1.44701
-19.22	-1.44602
-19.24	-1.44504
-19.26	-1.44406
-19.28	-1.44308
-19.3	-1.4421
-19.32	-1.44113
-19.34	-1.44016
-19.36	-1.43919
-19.38	-1.43822
-19.4	-1.43725
-19.42	-1.43629
-19.44	-1.43532
-19.46	-1.43436
-19.48	-1.43341
-19.5	-1.43245
-19.52	-1.4315
-19.54	-1.43054
-19.56	-1.42959
-19.58	-1.42864
-19.6	-1.4277
-19.62	-1.42675
-19.64	-1.42581
-19.66	-1.42487
-19.68	-1.42393
-19.7	-1.423
-19.72	-1.42206
-19.74	-1.42113
-19.76	-1.4202
-19.78	-1.41927
-19.8	-1.41834
-19.82	-1.41742
-19.84	-1.41649
-19.86	-1.41557
-19.88	-1.41465
-19.9	-1.41374
-19.92	-1.41282
-19.94	-1.41191
-19.96	-1.41099
-19.98	-1.41008
-20	-1.40918
-19.98	-1.40818
-19.96	-1.40723
-19.94	-1.40629
-19.92	-1.40536
-19.9	-1.40444
-19.88	-1.40352
-19.86	-1.40261
-19.84	-1.40169
-19.82	-1.40078
-19.8	-1.39988
-19.78	-1.39897
-19.76	-1.39807
-19.74	-1.39717
-19.72	-1.39627
-19.7	-1.39538
-19.68	-1.39449
-19.66	-1.3936
-19.64	-1.39271
-19.62	-1.39182
-19.6	-1.39094
-19.58	-1.39006
-19.56	-1.38917
-19.54	-1.3883
-19.52	-1.38742
-19.5	-1.38655
-19.48	-1.38567
-19.46	-1.3848
-19.44	-1.38393
-19.42	-1.38306
-19.4	-1.3822
-19.38	-1.38133
-19.36	-1.38047
-19.34	-1.37961
-19.32	-1.37875
-19.3	-1.3779
-19.28	-1.37704
-19.26	-1.37619
-19.24	-1.37534
-19.22	-1.37449
-19.2	-1.37364
-19.18	-1.37279
-19.16	-1.37195
-19.14	-1.3711
-19.12	-1.37026
-19.1	-1.36942
-19.08	-1.36858
-19.06	-1.36774
-19.04	-1.36691
-19.02	-1.36607
-19	-1.36524
-18.98	-1.36441
-18.96	-1.36358
-18.94	-1.36275
-18.92	-1.36193
-18.9	-1.3611
-18.88	-1.36028
-18.86	-1.35946
-18.84	-1.35864
-18.82	-1.35782
-18.8	-1.357
-18.78	-1.35618
-18.76	-1.35537
-18.74	-1.35456
-18.72	-1.35375
-18.7	-1.35294
-18.68	-1.35213
-18.66	-1.35132
-18.64	-1.35052
-18.62	-1.34971
-18.6	-1.34891
-18.58	-1.34811
-18.56	-1.34731
-18.54	-1.34651
-18.52	-1.34571
-18.5	-1.34492
-18.48	-1.34412
-18.46	-1.34333
-18.44	-1.34254
-18.42	-1.34175
-18.4	-1.34096
-18.38	-1.34017
-18.36	-1.33938
-18.34	-1.3386
-18.32	-1.33782
-18.3	-1.33703
-18.28	-1.33625
-18.26	-1.33547
-18.24	-1.3347
-18.22	-1.33392
-18.2	-1.33314
-18.18	-1.33237
-18.16	-1.3316
-18.14	-1.33082
-18.12	-1.33005
-18.1	-1.32928
-18.08	-1.32852
-18.06	-1.32775
-18.04	-1.32699
-18.02	-1.32622
-18	-1.32546
-17.98	-1.3247
-17.96	-1.32394
-17.94	-1.32318
-17.92	-1.32242
-17.9	-1.32166
-17.88	-1.32091
-17.86	-1.32015
-17.84	-1.3194
-17.82	-1.31865
-17.8	-1.3179
-17.78	-1.31715
-17.76	-1.3164
-17.74	-1.31565
-17.72	-1.31491
-17.7	-1.31416
-17.68	-1.31342
-17.66	-1.31268
-17.64	-1.31193
-17.62	-1.31119
-17.6	-1.31045
-17.58	-1.30972
-17.56	-1.30898
-17.54	-1.30824
-17.52	-1.30751
-17.5	-1.30678
-17.48	-1.30604
-17.46	-1.30531
-17.44	-1.30458
-17.42	-1.30385
-17.4	-1.30313
-17.38	-1.3024
-17.36	-1.30167
-17.34	-1.30095
-17.32	-1.30022
-17.3	-1.2995
-17.28	-1.29878
-17.26	-1.29806
-17.24	-1.29734
-17.22	-1.29662
-17.2	-1.2959
-17.18	-1.29519
-17.16	-1.29447
-17.14	-1.29376
-17.12	-1.29305
-17.1	-1.29233
-17.08	-1.29162
-17.06	-1.29091
-17.04	-1.2902
-17.02	-1.2895
-17	-1.28879
-16.98	-1.28808
-16.96	-1.28738
-16.94	-1.28667
-16.92	-1.28597
-16.9	-1.28527
-16.88	-1.28457
-16.86	-1.28386
-16.84	-1.28317
-16.82	-1.28247
-16.8	-1.28177
-16.78	-1.28107
-16.76	-1.28038
-16.74	-1.27968
-16.72	-1.27899
-16.7	-1.2783
-16.68	-1.2776
-16.66	-1.27691
-16.64	-1.27622
-16.62	-1.27553
-16.6	-1.27484
-16.58	-1.27416
-16.56	-1.27347
-16.54	-1.27278
-16.52	-1.2721
-16.5	-1.27142
-16.48	-1.27073
-16.46	-1.27005
-16.44	-1.26937
-16.42	-1.26869
-16.4	-1.26801
-16.38	-1.26733
-16.36	-1.26665
-16.34	-1.26597
-16.32	-1.2653
-16.3	-1.26462
-16.28	-1.26395
-16.26	-1.26327
-16.24	-1.2626
-16.22	-1.26193
-16.2	-1.26126
-16.18	-1.26058
-16.16	-1.25991
-16.14	-1.25924
-16.12	-1.25858
-16.1	-1.25791
-16.08	-1.25724
-16.06	-1.25658
-16.04	-1.25591
-16.02	-1.25525
-16	-1.25458
-15.98	-1.25392
-15.96	-1.25326
-15.94	-1.25259
-15.92	-1.25193
-15.9	-1.25127
-15.88	-1.25061
-15.86	-1.24995
-15.84	-1.24929
-15.82	-1.24864
-15.8	-1.24798
-15.78	-1.24732
-15.76	-1.24667
-15.74	-1.24601
-15.72	-1.24536
-15.7	-1.24471
-15.68	-1.24405
-15.66	-1.2434
-15.64	-1.24275
-15.62	-1.2421
-15.6	-1.24145
-15.58	-1.2408
-15.56	-1.24015
-15.54	-1.2395
-15.52	-1.23885
-15.5	-1.23821
-15.48	-1.23756
-15.46	-1.23691
-15.44	-1.23627
-15.42	-1.23562
-15.4	-1.23498
-15.38	-1.23433
-15.36	-1.23369
-15.34	-1.23305
-15.32	-1.23241
-15.3	-1.23176
-15.28	-1.23112
-15.26	-1.23048
-15.24	-1.22984
-15.22	-1.2292
-15.2	-1.22857
-15.18	-1.22793
-15.16	-1.22729
-15.14	-1.22665
-15.12	-1.22602
-15.1	-1.22538
-15.08	-1.22474
-15.06	-1.22411
-15.04	-1.22347
-15.02	-1.22284
-15	-1.2222
-14.98	-1.22157
-14.96	-1.22094
-14.94	-1.22031
-14.92	-1.21967
-14.9	-1.21904
-14.88	-1.21841
-14.86	-1.21778
-14.84	-1.21715
-14.82	-1.21652
-14.8	-1.21589
-14.78	-1.21526
-14.76	-1.21463
-14.74	-1.214
-14.72	-1.21337
-14.7	-1.21275
-14.68	-1.21212
-14.66	-1.21149
-14.64	-1.21086
-14.62	-1.21024
-14.6	-1.20961
-14.58	-1.20899
-14.56	-1.20836
-14.54	-1.20774
-14.52	-1.20711
-14.5	-1.20649
-14.48	-1.20586
-14.46	-1.20524
-14.44	-1.20461
-14.42	-1.20399
-14.4	-1.20337
-14.38	-1.20274
-14.36	-1.20212
-14.34	-1.2015
-14.32	-1.20088
-14.3	-1.20025
-14.28	-1.19963
-14.26	-1.19901
-14.24	-1.19839
-14.22	-1.19777
-14.2	-1.19715
-14.18	-1.19653
-14.16	-1.19591
-14.14	-1.19529
-14.12	-1.19467
-14.1	-1.19405
-14.08	-1.19343
-14.06	-1.19281
-14.04	-1.19219
-14.02	-1.19157
-14	-1.19095
-13.98	-1.19033
-13.96	-1.18971
-13.94	-1.18909
-13.92	-1.18847
-13.9	-1.18785
-13.88	-1.18723
-13.86	-1.18661
-13.84	-1.18599
-13.82	-1.18537
-13.8	-1.18476
-13.78	-1.18414
-13.76	-1.18352
-13.74	-1.1829
-13.72	-1.18228
-13.7	-1.18166
-13.68	-1.18104
-13.66	-1.18042
-13.64	-1.1798
-13.62	-1.17919
-13.6	-1.17857
-13.58	-1.17795
-13.56	-1.17733
-13.54	-1.17671
-13.52	-1.17609
-13.5	-1.17547
-13.48	-1.17485
-13.46	-1.17423
-13.44	-1.17361
-13.42	-1.17299
-13.4	-1.17237
-13.38	-1.17175
-13.36	-1.17113
-13.34	-1.17051
-13.32	-1.16989
-13.3	-1.16927
-13.28	-1.16864
-13.26	-1.16802
-13.24	-1.1674
-13.22	-1.16678
-13.2	-1.16616
-13.18	-1.16553
-13.16	-1.16491
-13.14	-1.16429
-13.12	-1.16366
-13.1	-1.16304
-13.08	-1.16242
-13.06	-1.16179
-13.04	-1.16117
-13.02	-1.16054
-13	-1.15992
-12.98	-1.15929
-12.96	-1.15866
-12.94	-1.15804
-12.92	-1.15741
-12.9	-1.15678
-12.88	-1.15616
-12.86	-1.15553
-12.84	-1.1549
-12.82	-1.15427
-12.8	-1.15364
-12.78	-1.15301
-12.76	-1.15238
-12.74	-1.15175
-12.72	-1.15111
-12.7	-1.15048
-12.68	-1.14985
-12.66	-1.14922
-12.64	-1.14858
-12.62	-1.14795
-12.6	-1.14731
-12.58	-1.14668
-12.56	-1.14604
-12.54	-1.1454
-12.52	-1.14476
-12.5	-1.14413
-12.48	-1.14349
-12.46	-1.14285
-12.44	-1.14221
-12.42	-1.14156
-12.4	-1.14092
-12.38	-1.14028
-12.36	-1.13964
-12.34	-1.13899
-12.32	-1.13835
-12.3	-1.1377
-12.28	-1.13705
-12.26	-1.13641
-12.24	-1.13576
-12.22	-1.13511
-12.2	-1.13446
-12.18	-1.13381
-12.16	-1.13316
-12.14	-1.1325
-12.12	-1.13185
-12.1	-1.13119
-12.08	-1.13054
-12.06	-1.12988
-12.04	-1.12922
-12.02	-1.12856
-12	-1.1279
-11.98	-1.12724
-11.96	-1.12658
-11.94	-1.12592
-11.92	-1.12525
-11.9	-1.12459
-11.88	-1.12392
-11.86	-1.12325
-11.84	-1.12259
-11.82	-1.12192
-11.8	-1.12124
-11.78	-1.12057
-11.76	-1.1199
-11.74	-1.11922
-11.72	-1.11855
-11.7	-1.11787
-11.68	-1.11719
-11.66	-1.11651
-11.64	-1.11583
-11.62	-1.11515
-11.6	-1.11446
-11.58	-1.11378
-11.56	-1.11309
-11.54	-1.1124
-11.52	-1.11171
-11.5	-1.11102
-11.48	-1.11033
-11.46	-1.10963
-11.44	-1.10894
-11.42	-1.10824
-11.4	-1.10754
-11.38	-1.10684
-11.36	-1.10614
-11.34	-1.10544
-11.32	-1.10473
-11.3	-1.10402
-11.28	-1.10331
-11.26	-1.1026
-11.24	-1.10189
-11.22	-1.10118
-11.2	-1.10046
-11.18	-1.09974
-11.16	-1.09903
-11.14	-1.0983
-11.12	-1.09758
-11.1	-1.09686
-11.08	-1.09613
-11.06	-1.0954
-11.04	-1.09467
-11.02	-1.09394
-11	-1.0932
-10.98	-1.09247
-10.96	-1.09173
-10.94	-1.09099
-10.92	-1.09024
-10.9	-1.0895
-10.88	-1.08875
-10.86	-1.088
-10.84	-1.08725
-10.82	-1.0865
-10.8	-1.08574
-10.78	-1.08498
-10.76	-1.08422
-10.74	-1.08346
-10.72	-1.0827
-10.7	-1.08193
-10.68	-1.08116
-10.66	-1.08039
-10.64	-1.07961
-10.62	-1.07884
-10.6	-1.07806
-10.58	-1.07728
-10.56	-1.07649
-10.54	-1.07571
-10.52	-1.07492
-10.5	-1.07412
-10.48	-1.07333
-10.46	-1.07253
-10.44	-1.07173
-10.42	-1.07093
-10.4	-1.07013
-10.38	-1.06932
-10.36	-1.06851
-10.34	-1.06769
-10.32	-1.06688
-10.3	-1.06606
-10.28	-1.06523
-10.26	-1.06441
-10.24	-1.06358
-10.22	-1.06275
-10.2	-1.06192
-10.18	-1.06108
-10.16	-1.06024
-10.14	-1.0594
-10.12	-1.05855
-10.1	-1.0577
-10.08	-1.05685
-10.06	-1.05599
-10.04	-1.05513
-10.02	-1.05427
-10	-1.05341
-9.98	-1.05254
-9.96	-1.05166
-9.94	-1.05079
-9.92	-1.04991
-9.9	-1.04903
-9.88	-1.04814
-9.86	-1.04725
-9.84	-1.04636
-9.82	-1.04546
-9.8	-1.04456
-9.78	-1.04366
-9.76	-1.04275
-9.74	-1.04184
-9.72	-1.04093
-9.7	-1.04001
-9.68	-1.03908
-9.66	-1.03816
-9.64	-1.03723
-9.62	-1.03629
-9.6	-1.03536
-9.58	-1.03441
-9.56	-1.03347
-9.54	-1.03252
-9.52	-1.03157
-9.5	-1.03061
-9.48	-1.02965
-9.46	-1.02868
-9.44	-1.02771
-9.42	-1.02673
-9.4	-1.02576
-9.38	-1.02477
-9.36	-1.02379
-9.34	-1.02279
-9.32	-1.0218
-9.3	-1.0208
-9.28	-1.01979
-9.26	-1.01878
-9.24	-1.01777
-9.22	-1.01675
-9.2	-1.01573
-9.18	-1.0147
-9.16	-1.01367
-9.14	-1.01263
-9.12	-1.01159
-9.1	-1.01054
-9.08	-1.00949
-9.06	-1.00843
-9.04	-1.00737
-9.02	-1.00631
-9	-1.00523
-8.98	-1.00416
-8.96	-1.00308
-8.94	-1.00199
-8.92	-1.0009
-8.9	-0.999804
-8.88	-0.998702
-8.86	-0.997596
-8.84	-0.996484
-8.82	-0.995366
-8.8	-0.994244
-8.78	-0.993116
-8.76	-0.991983
-8.74	-0.990844
-8.72	-0.9897
-8.7	-0.98855
-8.68	-0.987395
-8.66	-0.986234
-8.64	-0.985068
-8.62	-0.983896
-8.6	-0.982718
-8.58	-0.981534
-8.56	-0.980345
-8.54	-0.97915
-8.52	-0.977949
-8.5	-0.976743
-8.48	-0.97553
-8.46	-0.974311
-8.44	-0.973087
-8.42	-0.971856
-8.4	-0.97062
-8.38	-0.969377
-8.36	-0.968128
-8.34	-0.966873
-8.32	-0.965611
-8.3	-0.964344
-8.28	-0.96307
-8.26	-0.96179
-8.24	-0.960503
-8.22	-0.959211
-8.2	-0.957911
-8.18	-0.956605
-8.16	-0.955293
-8.14	-0.953974
-8.12	-0.952649
-8.1	-0.951317
-8.08	-0.949978
-8.06	-0.948632
-8.04	-0.94728
-8.02	-0.945921
-8	-0.944555
-7.98	-0.943183
-7.96	-0.941803
-7.94	-0.940417
-7.92	-0.939023
-7.9	-0.937623
-7.88	-0.936216
-7.86	-0.934801
-7.84	-0.933379
-7.82	-0.931951
-7.8	-0.930515
-7.78	-0.929072
-7.76	-0.927621
-7.74	-0.926163
-7.72	-0.924698
-7.7	-0.923226
-7.68	-0.921746
-7.66	-0.920259
-7.64	-0.918764
-7.62	-0.917262
-7.6	-0.915753
-7.58	-0.914235
-7.56	-0.91271
-7.54	-0.911178
-7.52	-0.909638
-7.5	-0.90809
-7.48	-0.906534
-7.46	-0.904971
-7.44	-0.903399
-7.42	-0.90182
-7.4	-0.900233
-7.38	-0.898638
-7.36	-0.897036
-7.34	-0.895425
-7.32	-0.893806
-7.3	-0.892179
-7.28	-0.890544
-7.26	-0.888901
-7.24	-0.88725
-7.22	-0.88559
-7.2	-0.883923
-7.18	-0.882247
-7.16	-0.880563
-7.14	-0.878871
-7.12	-0.87717
-7.1	-0.875461
-7.08	-0.873743
-7.06	-0.872017
-7.04	-0.870283
-7.02	-0.86854
-7	-0.866789
-6.98	-0.865029
-6.96	-0.86326
-6.94	-0.861483
-6.92	-0.859698
-6.9	-0.857903
-6.88	-0.8561
-6.86	-0.854288
-6.84	-0.852468
-6.82	-0.850639
-6.8	-0.848801
-6.78	-0.846954
-6.76	-0.845098
-6.74	-0.843234
-6.72	-0.84136
-6.7	-0.839478
-6.68	-0.837586
-6.66	-0.835686
-6.64	-0.833777
-6.62	-0.831858
-6.6	-0.829931
-6.58	-0.827994
-6.56	-0.826049
-6.54	-0.824094
-6.52	-0.82213
-6.5	-0.820157
-6.48	-0.818175
-6.46	-0.816184
-6.44	-0.814183
-6.42	-0.812173
-6.4	-0.810154
-6.38	-0.808126
-6.36	-0.806088
-6.34	-0.804041
-6.32	-0.801985
-6.3	-0.799919
-6.28	-0.797844
-6.26	-0.795759
-6.24	-0.793665
-6.22	-0.791562
-6.2	-0.789449
-6.18	-0.787326
-6.16	-0.785195
-6.14	-0.783053
-6.12	-0.780902
-6.1	-0.778742
-6.08	-0.776571
-6.06	-0.774392
-6.04	-0.772202
-6.02	-0.770004
-6	-0.767795
-5.98	-0.765577
-5.96	-0.763349
-5.94	-0.761111
-5.92	-0.758864
-5.9	-0.756607
-5.88	-0.754341
-5.86	-0.752064
-5.84	-0.749778
-5.82	-0.747482
-5.8	-0.745177
-5.78	-0.742861
-5.76	-0.740536
-5.74	-0.738201
-5.72	-0.735856
-5.7	-0.733501
-5.68	-0.731137
-5.66	-0.728762
-5.64	-0.726378
-5.62	-0.723984
-5.6	-0.72158
-5.58	-0.719166
-5.56	-0.716742
-5.54	-0.714308
-5.52	-0.711864
-5.5	-0.709411
-5.48	-0.706947
-5.46	-0.704473
-5.44	-0.70199
-5.42	-0.699496
-5.4	-0.696993
-5.38	-0.694479
-5.36	-0.691956
-5.34	-0.689422
-5.32	-0.686879
-5.3	-0.684325
-5.28	-0.681762
-5.26	-0.679188
-5.24	-0.676604
-5.22	-0.674011
-5.2	-0.671407
-5.18	-0.668793
-5.16	-0.666169
-5.14	-0.663535
-5.12	-0.660891
-5.1	-0.658236
-5.08	-0.655572
-5.06	-0.652897
-5.04	-0.650213
-5.02	-0.647518
-5	-0.644813
-4.98	-0.642098
-4.96	-0.639373
-4.94	-0.636637
-4.92	-0.633892
-4.9	-0.631136
-4.88	-0.62837
-4.86	-0.625594
-4.84	-0.622807
-4.82	-0.620011
-4.8	-0.617204
-4.78	-0.614387
-4.76	-0.611559
-4.74	-0.608722
-4.72	-0.605874
-4.7	-0.603016
-4.68	-0.600147
-4.66	-0.597269
-4.64	-0.59438
-4.62	-0.59148
-4.6	-0.588571
-4.58	-0.585651
-4.56	-0.58272
-4.54	-0.57978
-4.52	-0.576828
-4.5	-0.573867
-4.48	-0.570895
-4.46	-0.567913
-4.44	-0.56492
-4.42	-0.561917
-4.4	-0.558904
-4.38	-0.55588
-4.36	-0.552845
-4.34	-0.5498
-4.32	-0.546745
-4.3	-0.543678
-4.28	-0.540602
-4.26	-0.537515
-4.24	-0.534417
-4.22	-0.531309
-4.2	-0.52819
-4.18	-0.52506
-4.16	-0.52192
-4.14	-0.518769
-4.12	-0.515608
-4.1	-0.512436
-4.08	-0.509253
-4.06	-0.506059
-4.04	-0.502854
-4.02	-0.499639
-4	-0.496413
-3.98	-0.493176
-3.96	-0.489928
-3.94	-0.48667
-3.92	-0.4834
-3.9	-0.480119
-3.88	-0.476828
-3.86	-0.473525
-3.84	-0.470212
-3.82	-0.466887
-3.8	-0.463551
-3.78	-0.460204
-3.76	-0.456846
-3.74	-0.453477
-3.72	-0.450097
-3.7	-0.446705
-3.68	-0.443302
-3.66	-0.439888
-3.64	-0.436462
-3.62	-0.433025
-3.6	-0.429576
-3.58	-0.426116
-3.56	-0.422645
-3.54	-0.419162
-3.52	-0.415667
-3.5	-0.41216
-3.48	-0.408642
-3.46	-0.405113
-3.44	-0.401571
-3.42	-0.398017
-3.4	-0.394452
-3.38	-0.390875
-3.36	-0.387286
-3.34	-0.383684
-3.32	-0.380071
-3.3	-0.376445
-3.28	-0.372808
-3.26	-0.369158
-3.24	-0.365495
-3.22	-0.361821
-3.2	-0.358134
-3.18	-0.354434
-3.16	-0.350722
-3.14	-0.346997
-3.12	-0.34326
-3.1	-0.33951
-3.08	-0.335747
-3.06	-0.331971
-3.04	-0.328183
-3.02	-0.324381
-3	-0.320566
-2.98	-0.316738
-2.96	-0.312897
-2.94	-0.309043
-2.92	-0.305175
-2.9	-0.301294
-2.88	-0.297399
-2.86	-0.293491
-2.84	-0.289569
-2.82	-0.285633
-2.8	-0.281684
-2.78	-0.27772
-2.76	-0.273743
-2.74	-0.269752
-2.72	-0.265746
-2.7	-0.261726
-2.68	-0.257692
-2.66	-0.253643
-2.64	-0.24958
-2.62	-0.245502
-2.6	-0.241409
-2.58	-0.237302
-2.56	-0.23318
-2.54	-0.229042
-2.52	-0.22489
-2.5	-0.220722
-2.48	-0.216539
-2.46	-0.212341
-2.44	-0.208127
-2.42	-0.203898
-2.4	-0.199653
-2.38	-0.195392
-2.36	-0.191115
-2.34	-0.186822
-2.32	-0.182513
-2.3	-0.178188
-2.28	-0.173846
-2.26	-0.169488
-2.24	-0.165113
-2.22	-0.160721
-2.2	-0.156313
-2.18	-0.151887
-2.16	-0.147445
-2.14	-0.142985
-2.12	-0.138508
-2.1	-0.134013
-2.08	-0.129501
-2.06	-0.124971
-2.04	-0.120424
-2.02	-0.115858
-2	-0.111274
-1.98	-0.106672
-1.96	-0.102052
-1.94	-0.097413
-1.92	-0.0927554
-1.9	-0.0880792
-1.88	-0.083384
-1.86	-0.0786697
-1.84	-0.0739363
-1.82	-0.0691836
-1.8	-0.0644113
-1.78	-0.0596195
-1.76	-0.0548079
-1.74	-0.0499764
-1.72	-0.0451249
-1.7	-0.0402532
-1.68	-0.0353612
-1.66	-0.0304486
-1.64	-0.0255155
-1.62	-0.0205615
-1.6	-0.0155866
-1.58	-0.0105907
-1.56	-0.00557347
-1.54	-0.000534877
-1.52	0.00452525
-1.5	0.00960708
-1.48	0.0147108
-1.46	0.0198365
-1.44	0.0249843
-1.42	0.0301545
-1.4	0.0353471
-1.38	0.0405624
-1.36	0.0458005
-1.34	0.0510616
-1.32	0.0563458
-1.3	0.0616532
-1.28	0.0669841
-1.26	0.0723386
-1.24	0.0777168
-1.22	0.083119
-1.2	0.0885453
-1.18	0.0939958
-1.16	0.0994707
-1.14	0.10497
-1.12	0.110494
-1.1	0.116044
-1.08	0.121618
-1.06	0.127217
-1.04	0.132842
-1.02	0.138493
-1	0.144169
-0.98	0.149871
-0.96	0.155599
-0.94	0.161353
-0.92	0.167134
-0.9	0.172941
-0.88	0.178775
-0.86	0.184636
-0.84	0.190524
-0.82	0.196439
-0.8	0.202381
-0.78	0.208351
-0.76	0.214349
-0.74	0.220374
-0.72	0.226428
-0.7	0.232509
-0.68	0.238619
-0.66	0.244758
-0.64	0.250925
-0.62	0.25712
-0.6	0.263345
-0.58	0.269599
-0.56	0.275882
-0.54	0.282195
-0.52	0.288537
-0.5	0.294908
-0.48	0.30131
-0.46	0.307742
-0.44	0.314203
-0.42	0.320695
-0.4	0.327218
-0.38	0.333771
-0.36	0.340355
-0.34	0.346969
-0.32	0.353615
-0.3	0.360291
-0.28	0.366999
-0.26	0.373738
-0.24	0.380509
-0.22	0.387311
-0.2	0.394146
-0.18	0.401011
-0.16	0.407909
-0.14	0.414839
-0.12	0.421802
-0.1	0.428796
-0.08	0.435823
-0.06	0.442883
-0.04	0.449975
-0.02	0.4571
3.37681e-13	0.464257
0.02	0.471448
0.04	0.478671
0.06	0.485928
0.08	0.493218
0.1	0.500541
0.12	0.507898
0.14	0.515287
0.16	0.522711
0.18	0.530168
0.2	0.537658
0.22	0.545182
0.24	0.55274
0.26	0.560331
0.28	0.567957
0.3	0.575616
0.32	0.583309
0.34	0.591036
0.36	0.598797
0.38	0.606592
0.4	0.61442
0.42	0.622283
0.44	0.63018
0.46	0.63811
0.48	0.646075
0.5	0.654074
0.52	0.662106
0.54	0.670173
0.56	0.678273
0.58	0.686407
0.6	0.694575
0.62	0.702777
0.64	0.711013
0.66	0.719282
0.68	0.727585
0.7	0.735921
0.72	0.744291
0.74	0.752695
0.76	0.761131
0.78	0.769601
0.8	0.778104
0.82	0.786639
0.84	0.795208
0.86	0.803809
0.88	0.812443
0.9	0.82111
0.92	0.829808
0.94	0.838539
0.96	0.847302
0.98	0.856097
1	0.864923
1.02	0.873781
1.04	0.88267
1.06	0.89159
1.08	0.900541
1.1	0.909522
1.12	0.918534
1.14	0.927576
1.16	0.936648
1.18	0.945749
1.2	0.95488
1.22	0.96404
1.24	0.973229
1.26	0.982446
1.28	0.991691
1.3	1.00096
1.32	1.01027
1.34	1.01959
1.36	1.02895
1.38	1.03833
1.4	1.04774
1.42	1.05717
1.44	1.06663
1.46	1.07611
1.48	1.08562
1.5	1.09515
1.52	1.10471
1.54	1.11429
1.56	1.12389
1.58	1.13352
1.6	1.14317
1.62	1.15283
1.64	1.16252
1.66	1.17223
1.68	1.18196
1.7	1.19171
1.72	1.20148
1.74	1.21127
1.76	1.22107
1.78	1.23089
1.8	1.24073
1.82	1.25058
1.84	1.26045
1.86	1.27034
1.88	1.28023
1.9	1.29015
1.92	1.30007
1.94	1.31001
1.96	1.31996
1.98	1.32992
2	1.33989
2.02	1.34986
2.04	1.35985
2.06	1.36985
2.08	1.37985
2.1	1.38986
2.12	1.39988
2.14	1.4099
2.16	1.41992
2.18	1.42995
2.2	1.43998
2.22	1.45001
2.24	1.46004
2.26	1.47007
2.28	1.48011
2.3	1.49014
2.32	1.50016
2.34	1.51019
2.36	1.52021
2.38	1.53022
2.4	1.54023
2.42	1.55023
2.44	1.56022
2.46	1.57021
2.48	1.58018
2.5	1.59014
2.52	1.60009
2.54	1.61003
2.56	1.61995
2.58	1.62986
2.6	1.63975
2.62	1.64963
2.64	1.65949
2.66	1.66933
2.68	1.67914
2.7	1.68894
2.72	1.69871
2.74	1.70846
2.76	1.71819
2.78	1.72789
2.8	1.73757
2.82	1.74721
2.84	1.75683
2.86	1.76642
2.88	1.77597
2.9	1.7855
2.92	1.79499
2.94	1.80444
2.96	1.81386
2.98	1.82324
3	1.83259
3.02	1.84189
3.04	1.85116
3.06	1.86038
3.08	1.86956
3.1	1.8787
3.12	1.88779
3.14	1.89684
3.16	1.90584
3.18	1.91479
3.2	1.92369
3.22	1.93253
3.24	1.94133
3.26	1.95007
3.28	1.95876
3.3	1.9674
3.32	1.97597
3.34	1.98449
3.36	1.99295
3.38	2.00135
3.4	2.00968
3.42	2.01796
3.44	2.02617
3.46	2.03431
3.48	2.04239
3.5	2.0504
3.52	2.05835
3.54	2.06622
3.56	2.07402
3.58	2.08176
3.6	2.08941
3.62	2.097
3.64	2.10451
3.66	2.11194
3.68	2.1193
3.7	2.12658
3.72	2.13377
3.74	2.14089
3.76	2.14793
3.78	2.15488
3.8	2.16176
3.82	2.16854
3.84	2.17524
3.86	2.18186
3.88	2.18839
3.9	2.19483
3.92	2.20118
3.94	2.20744
3.96	2.21361
3.98	2.21969
4	2.22567
4.02	2.23156
4.04	2.23736
4.06	2.24307
4.08	2.24867
4.1	2.25418
4.12	2.2596
4.14	2.26491
4.16	2.27013
4.18	2.27525
4.2	2.28027
4.22	2.28518
4.24	2.29
4.26	2.29471
4.28	2.29933
4.3	2.30383
4.32	2.30824
4.34	2.31254
4.36	2.31674
4.38	2.32083
4.4	2.32482
4.42	2.3287
4.44	2.33248
4.46	2.33614
4.48	2.33971
4.5	2.34316
4.52	2.34651
4.54	2.34975
4.56	2.35288
4.58	2.35591
4.6	2.35883
4.62	2.36163
4.64	2.36433
4.66	2.36693
4.68	2.36941
4.7	2.37178
4.72	2.37405
4.74	2.37621
4.76	2.37826
4.78	2.3802
4.8	2.38203
4.82	2.38375
4.84	2.38537
4.86	2.38688
4.88	2.38828
4.9	2.38957
4.92	2.39075
4.94	2.39183
4.96	2.3928
4.98	2.39367
5	2.39443
5.02	2.39508
5.04	2.39563
5.06	2.39607
5.08	2.39641
5.1	2.39665
5.12	2.39678
5.14	2.39681
5.16	2.39673
5.18	2.39656
5.2	2.39628
5.22	2.3959
5.24	2.39543
5.26	2.39485
5.28	2.39418
5.3	2.3934
5.32	2.39253
5.34	2.39157
5.36	2.3905
5.38	2.38935
5.4	2.3881
5.42	2.38675
5.44	2.38531
5.46	2.38379
5.48	2.38217
5.5	2.38046
5.52	2.37866
5.54	2.37677
5.56	2.3748
5.58	2.37274
5.6	2.37059
5.62	2.36836
5.64	2.36605
5.66	2.36366
5.68	2.36118
5.7	2.35863
5.72	2.35599
5.74	2.35328
5.76	2.35049
5.78	2.34762
5.8	2.34468
5.82	2.34166
5.84	2.33857
5.86	2.33541
5.88	2.33218
5.9	2.32888
5.92	2.32552
5.94	2.32208
5.96	2.31858
5.98	2.31501
6	2.31138
6.02	2.30769
6.04	2.30393
6.06	2.30012
6.08	2.29624
6.1	2.29231
6.12	2.28832
6.14	2.28427
6.16	2.28017
6.18	2.27602
6.2	2.27181
6.22	2.26755
6.24	2.26324
6.26	2.25888
6.28	2.25448
6.3	2.25003
6.32	2.24553
6.34	2.24099
6.36	2.2364
6.38	2.23177
6.4	2.2271
6.42	2.22239
6.44	2.21764
6.46	2.21285
6.48	2.20803
6.5	2.20317
6.52	2.19828
6.54	2.19335
6.56	2.18839
6.58	2.1834
6.6	2.17837
6.62	2.17332
6.64	2.16824
6.66	2.16313
6.68	2.15799
6.7	2.15283
6.72	2.14765
6.74	2.14244
6.76	2.13721
6.78	2.13195
6.8	2.12668
6.82	2.12138
6.84	2.11607
6.86	2.11074
6.88	2.10539
6.9	2.10003
6.92	2.09465
6.94	2.08925
6.96	2.08384
6.98	2.07842
7	2.07299
7.02	2.06754
7.04	2.06209
7.06	2.05662
7.08	2.05115
7.1	2.04567
7.12	2.04018
7.14	2.03468
7.16	2.02918
7.18	2.02367
7.2	2.01816
7.22	2.01264
7.24	2.00712
7.26	2.0016
7.28	1.99608
7.3	1.99055
7.32	1.98503
7.34	1.9795
7.36	1.97397
7.38	1.96845
7.4	1.96293
7.42	1.95741
7.44	1.95189
7.46	1.94637
7.48	1.94086
7.5	1.93536
7.52	1.92986
7.54	1.92436
7.56	1.91887
7.58	1.91339
7.6	1.90791
7.62	1.90244
7.64	1.89698
7.66	1.89153
7.68	1.88608
7.7	1.88064
7.72	1.87522
7.74	1.8698
7.76	1.86439
7.78	1.85899
7.8	1.85361
7.82	1.84823
7.84	1.84287
7.86	1.83752
7.88	1.83218
7.9	1.82685
7.92	1.82154
7.94	1.81624
7.96	1.81095
7.98	1.80567
8	1.80041
8.02	1.79517
8.04	1.78993
8.06	1.78472
8.08	1.77951
8.1	1.77433
8.12	1.76915
8.14	1.764
8.16	1.75885
8.18	1.75373
8.2	1.74862
8.22	1.74352
8.24	1.73845
8.26	1.73339
8.28	1.72834
8.3	1.72332
8.32	1.71831
8.34	1.71331
8.36	1.70834
8.38	1.70338
8.4	1.69844
8.42	1.69351
8.44	1.68861
8.46	1.68372
8.48	1.67885
8.5	1.674
8.52	1.66916
8.54	1.66435
8.56	1.65955
8.58	1.65477
8.6	1.65001
8.62	1.64527
8.64	1.64055
8.66	1.63584
8.68	1.63116
8.7	1.62649
8.72	1.62184
8.74	1.61721
8.76	1.6126
8.78	1.608
8.8	1.60343
8.82	1.59888
8.84	1.59434
8.86	1.58982
8.88	1.58532
8.9	1.58084
8.92	1.57638
8.94	1.57194
8.96	1.56752
8.98	1.56312
9	1.55873
9.02	1.55436
9.04	1.55002
9.06	1.54569
9.08	1.54138
9.1	1.53709
9.12	1.53282
9.14	1.52857
9.16	1.52433
9.18	1.52012
9.2	1.51592
9.22	1.51174
9.24	1.50758
9.26	1.50344
9.28	1.49932
9.3	1.49521
9.32	1.49113
9.34	1.48706
9.36	1.48301
9.38	1.47898
9.4	1.47497
9.42	1.47098
9.44	1.467
9.46	1.46304
9.48	1.45911
9.5	1.45518
9.52	1.45128
9.54	1.4474
9.56	1.44353
9.58	1.43968
9.6	1.43585
9.62	1.43203
9.64	1.42824
9.66	1.42446
9.68	1.42069
9.7	1.41695
9.72	1.41322
9.74	1.40951
9.76	1.40582
9.78	1.40215
9.8	1.39849
9.82	1.39485
9.84	1.39122
9.86	1.38761
9.88	1.38402
9.9	1.38045
9.92	1.37689
9.94	1.37335
9.96	1.36983
9.98	1.36632
10	1.36283
10.02	1.35935
10.04	1.35589
10.06	1.35245
10.08	1.34902
10.1	1.34561
10.12	1.34222
10.14	1.33884
10.16	1.33548
10.18	1.33213
10.2	1.3288
10.22	1.32548
10.24	1.32218
10.26	1.31889
10.28	1.31562
10.3	1.31237
10.32	1.30913
10.34	1.3059
10.36	1.30269
10.38	1.2995
10.4	1.29631
10.42	1.29315
10.44	1.29
10.46	1.28686
10.48	1.28374
10.5	1.28063
10.52	1.27754
10.54	1.27446
10.56	1.27139
10.58	1.26834
10.6	1.26531
10.62	1.26229
10.64	1.25928
10.66	1.25628
10.68	1.2533
10.7	1.25033
10.72	1.24738
10.74	1.24444
10.76	1.24151
10.78	1.2386
10.8	1.2357
10.82	1.23281
10.84	1.22994
10.86	1.22708
10.88	1.22423
10.9	1.22139
10.92	1.21857
10.94	1.21576
10.96	1.21297
10.98	1.21018
11	1.20741
11.02	1.20465
11.04	1.20191
11.06	1.19917
11.08	1.19645
11.1	1.19374
11.12	1.19104
11.14	1.18836
11.16	1.18569
11.18	1.18302
11.2	1.18037
11.22	1.17774
11.24	1.17511
11.26	1.1725
11.28	1.16989
11.3	1.1673
11.32	1.16472
11.34	1.16215
11.36	1.1596
11.38	1.15705
11.4	1.15452
11.42	1.15199
11.44	1.14948
11.46	1.14698
11.48	1.14449
11.5	1.14201
11.52	1.13954
11.54	1.13708
11.56	1.13463
11.58	1.1322
11.6	1.12977
11.62	1.12736
11.64	1.12495
11.66	1.12256
11.68	1.12017
11.7	1.1178
11.72	1.11543
11.74	1.11308
11.76	1.11073
11.78	1.1084
11.8	1.10608
11.82	1.10376
11.84	1.10146
11.86	1.09916
11.88	1.09688
11.9	1.0946
11.92	1.09234
11.94	1.09008
11.96	1.08783
11.98	1.0856
12	1.08337
12.02	1.08115
12.04	1.07894
12.06	1.07674
12.08	1.07455
12.1	1.07237
12.12	1.07019
12.14	1.06803
12.16	1.06588
12.18	1.06373
12.2	1.06159
12.22	1.05946
12.24	1.05734
12.26	1.05523
12.28	1.05313
12.3	1.05104
12.32	1.04895
12.34	1.04688
12.36	1.04481
12.38	1.04275
12.4	1.0407
12.42	1.03865
12.44	1.03662
12.46	1.03459
12.48	1.03257
12.5	1.03056
12.52	1.02856
12.54	1.02656
12.56	1.02458
12.58	1.0226
12.6	1.02063
12.62	1.01866
12.64	1.01671
12.66	1.01476
12.68	1.01282
12.7	1.01089
12.72	1.00896
12.74	1.00705
12.76	1.00514
12.78	1.00324
12.8	1.00134
12.82	0.999453
12.84	0.997573
12.86	0.9957
12.88	0.993835
12.9	0.991976
12.92	0.990125
12.94	0.988281
12.96	0.986444
12.98	0.984614
13	0.982792
13.02	0.980976
13.04	0.979167
13.06	0.977364
13.08	0.975569
13.1	0.973781
13.12	0.971999
13.14	0.970224
13.16	0.968456
13.18	0.966694
13.2	0.964939
13.22	0.963191
13.24	0.961449
13.26	0.959714
13.28	0.957985
13.3	0.956262
13.32	0.954546
13.34	0.952836
13.36	0.951133
13.38	0.949436
13.4	0.947745
13.42	0.94606
13.44	0.944382
13.46	0.94271
13.48	0.941044
13.5	0.939383
13.52	0.937729
13.54	0.936081
13.56	0.934439
13.58	0.932803
13.6	0.931173
13.62	0.929549
13.64	0.92793
13.66	0.926318
13.68	0.924711
13.7	0.92311
13.72	0.921514
13.74	0.919925
13.76	0.918341
13.78	0.916762
13.8	0.91519
13.82	0.913622
13.84	0.912061
13.86	0.910505
13.88	0.908954
13.9	0.907409
13.92	0.905869
13.94	0.904335
13.96	0.902806
13.98	0.901282
14	0.899763
14.02	0.89825
14.04	0.896742
14.06	0.89524
14.08	0.893742
14.1	0.89225
14.12	0.890763
14.14	0.889281
14.16	0.887804
14.18	0.886332
14.2	0.884865
14.22	0.883403
14.24	0.881946
14.26	0.880494
14.28	0.879047
14.3	0.877605
14.32	0.876168
14.34	0.874736
14.36	0.873308
14.38	0.871885
14.4	0.870467
14.42	0.869054
14.44	0.867645
14.46	0.866241
14.48	0.864842
14.5	0.863448
14.52	0.862058
14.54	0.860673
14.56	0.859292
14.58	0.857916
14.6	0.856544
14.62	0.855177
14.64	0.853814
14.66	0.852456
14.68	0.851102
14.7	0.849753
14.72	0.848408
14.74	0.847067
14.76	0.845731
14.78	0.844399
14.8	0.843072
14.82	0.841748
14.84	0.840429
14.86	0.839114
14.88	0.837804
14.9	0.836497
14.92	0.835195
14.94	0.833897
14.96	0.832603
14.98	0.831313
15	0.830027
15.02	0.828746
15.04	0.827468
15.06	0.826195
15.08	0.824925
15.1	0.823659
15.12	0.822398
15.14	0.82114
15.16	0.819886
15.18	0.818636
15.2	0.817391
15.22	0.816149
15.24	0.81491
15.26	0.813676
15.28	0.812445
15.3	0.811219
15.32	0.809996
15.34	0.808776
15.36	0.807561
15.38	0.806349
15.4	0.805141
15.42	0.803937
15.44	0.802736
15.46	0.801539
15.48	0.800346
15.5	0.799156
15.52	0.79797
15.54	0.796787
15.56	0.795608
15.58	0.794433
15.6	0.793261
15.62	0.792093
15.64	0.790928
15.66	0.789766
15.68	0.788608
15.7	0.787454
15.72	0.786303
15.74	0.785155
15.76	0.784011
15.78	0.78287
15.8	0.781733
15.82	0.780598
15.84	0.779468
15.86	0.77834
15.88	0.777216
15.9	0.776095
15.92	0.774977
15.94	0.773863
15.96	0.772752
15.98	0.771644
16	0.770539
16.02	0.769438
16.04	0.76834
16.06	0.767245
16.08	0.766153
16.1	0.765064
16.12	0.763978
16.14	0.762896
16.16	0.761816
16.18	0.76074
16.2	0.759667
16.22	0.758596
16.24	0.757529
16.26	0.756465
16.28	0.755404
16.3	0.754346
16.32	0.753291
16.34	0.752238
16.36	0.751189
16.38	0.750143
16.4	0.7491
16.42	0.748059
16.44	0.747022
16.46	0.745987
16.48	0.744955
16.5	0.743927
16.52	0.742901
16.54	0.741877
16.56	0.740857
16.58	0.73984
16.6	0.738825
16.62	0.737813
16.64	0.736804
16.66	0.735798
16.68	0.734794
16.7	0.733793
16.72	0.732795
16.74	0.7318
16.76	0.730807
16.78	0.729817
16.8	0.72883
16.82	0.727845
16.84	0.726863
16.86	0.725884
16.88	0.724907
16.9	0.723933
16.92	0.722962
16.94	0.721993
16.96	0.721027
16.98	0.720063
17	0.719102
17.02	0.718144
17.04	0.717188
17.06	0.716235
17.08	0.715284
17.1	0.714335
17.12	0.71339
17.14	0.712446
17.16	0.711505
17.18	0.710567
17.2	0.709631
17.22	0.708698
17.24	0.707767
17.26	0.706838
17.28	0.705912
17.3	0.704988
17.32	0.704067
17.34	0.703148
17.36	0.702232
17.38	0.701317
17.4	0.700406
17.42	0.699496
17.44	0.698589
17.46	0.697684
17.48	0.696782
17.5	0.695882
17.52	0.694984
17.54	0.694089
17.56	0.693195
17.58	0.692304
17.6	0.691416
17.62	0.690529
17.64	0.689645
17.66	0.688763
17.68	0.687884
17.7	0.687006
17.72	0.686131
17.74	0.685258
17.76	0.684387
17.78	0.683519
17.8	0.682652
17.82	0.681788
17.84	0.680926
17.86	0.680066
17.88	0.679208
17.9	0.678352
17.92	0.677499
17.94	0.676647
17.96	0.675798
17.98	0.674951
18	0.674106
18.02	0.673262
18.04	0.672422
18.06	0.671583
18.08	0.670746
18.1	0.669911
18.12	0.669078
18.14	0.668248
18.16	0.667419
18.18	0.666592
18.2	0.665768
18.22	0.664945
18.24	0.664124
18.26	0.663306
18.28	0.662489
18.3	0.661674
18.32	0.660862
18.34	0.660051
18.36	0.659242
18.38	0.658435
18.4	0.65763
18.42	0.656827
18.44	0.656026
18.46	0.655227
18.48	0.65443
18.5	0.653634
18.52	0.652841
18.54	0.652049
18.56	0.65126
18.58	0.650472
18.6	0.649686
18.62	0.648902
18.64	0.64812
18.66	0.647339
18.68	0.646561
18.7	0.645784
18.72	0.645009
18.74	0.644236
18.76	0.643465
18.78	0.642695
18.8	0.641927
18.82	0.641162
18.84	0.640397
18.86	0.639635
18.88	0.638875
18.9	0.638116
18.92	0.637359
18.94	0.636603
18.96	0.63585
18.98	0.635098
19	0.634348
19.02	0.6336
19.04	0.632853
19.06	0.632108
19.08	0.631365
19.1	0.630623
19.12	0.629883
19.14	0.629145
19.16	0.628409
19.18	0.627674
19.2	0.626941
19.22	0.626209
19.24	0.625479
19.26	0.624751
19.28	0.624025
19.3	0.6233
19.32	0.622577
19.34	0.621855
19.36	0.621135
19.38	0.620417
19.4	0.6197
19.42	0.618985
19.44	0.618271
19.46	0.617559
19.48	0.616849
19.5	0.61614
19.52	0.615433
19.54	0.614727
19.56	0.614023
19.58	0.61332
19.6	0.612619
19.62	0.61192
19.64	0.611222
19.66	0.610526
19.68	0.609831
19.7	0.609138
19.72	0.608446
19.74	0.607755
19.76	0.607067
19.78	0.606379
19.8	0.605694
19.82	0.605009
19.84	0.604327
19.86	0.603645
19.88	0.602966
19.9	0.602287
19.92	0.60161
19.94	0.600935
19.96	0.600261
19.98	0.599589
20	0.598918
