19.98	-1.48166e-07
19.96	-7.73381e-08
19.94	-6.03151e-08
19.92	-5.22404e-08
19.9	-4.74865e-08
19.88	-4.43801e-08
19.86	-4.22273e-08
19.84	-4.06841e-08
19.82	-3.95584e-08
19.8	-3.87357e-08
19.78	-3.81417e-08
19.76	-3.77187e-08
19.74	-3.74401e-08
19.72	-3.72746e-08
19.7	-3.72036e-08
19.68	-3.72169e-08
19.66	-3.72957e-08
19.64	-3.74378e-08
19.62	-3.76332e-08
19.6	-3.78753e-08
19.58	-3.81628e-08
19.56	-3.84914e-08
19.54	-3.88556e-08
19.52	-3.92542e-08
19.5	-3.96827e-08
19.48	-4.01446e-08
19.46	-4.06353e-08
19.44	-4.11515e-08
19.42	-4.16955e-08
19.4	-4.22673e-08
19.38	-4.28613e-08
19.36	-4.34808e-08
19.34	-4.41258e-08
19.32	-4.47942e-08
19.3	-4.54847e-08
19.28	-4.61986e-08
19.26	-4.69358e-08
19.24	-4.76941e-08
19.22	-4.84768e-08
19.2	-4.92839e-08
19.18	-5.01121e-08
19.16	-5.09603e-08
19.14	-5.18374e-08
19.12	-5.27334e-08
19.1	-5.36526e-08
19.08	-5.45974e-08
19.06	-5.55633e-08
19.04	-5.65559e-08
19.02	-5.75706e-08
19	-5.86098e-08
18.98	-5.96756e-08
18.96	-6.07658e-08
18.94	-6.18794e-08
18.92	-6.30207e-08
18.9	-6.41875e-08
18.88	-6.53799e-08
18.86	-6.66001e-08
18.84	-6.78457e-08
18.82	-6.91214e-08
18.8	-7.04259e-08
18.78	-7.1757e-08
18.76	-7.31193e-08
18.74	-7.45104e-08
18.72	-7.59315e-08
18.7	-7.73825e-08
18.68	-7.88658e-08
18.66	-8.03801e-08
18.64	-8.19245e-08
18.62	-8.35054e-08
18.6	-8.51186e-08
18.58	-8.67673e-08
18.56	-8.84492e-08
18.54	-9.01668e-08
18.52	-9.19209e-08
18.5	-9.37117e-08
18.48	-9.55402e-08
18.46	-9.74065e-08
18.44	-9.93128e-08
18.42	-1.01256e-07
18.4	-1.03242e-07
18.38	-1.05269e-07
18.36	-1.07339e-07
18.34	-1.09449e-07
18.32	-1.11604e-07
18.3	-1.13803e-07
18.28	-1.16049e-07
18.26	-1.18342e-07
18.24	-1.2068e-07
18.22	-1.23066e-07
18.2	-1.25502e-07
18.18	-1.27987e-07
18.16	-1.30524e-07
18.14	-1.33112e-07
18.12	-1.35757e-07
18.1	-1.38454e-07
18.08	-1.41205e-07
18.06	-1.4401e-07
18.04	-1.46876e-07
18.02	-1.49799e-07
18	-1.52783e-07
17.98	-1.55828e-07
17.96	-1.58935e-07
17.94	-1.62105e-07
17.92	-1.65338e-07
17.9	-1.68641e-07
17.88	-1.72007e-07
17.86	-1.75443e-07
17.84	-1.7895e-07
17.82	-1.82525e-07
17.8	-1.86177e-07
17.78	-1.899e-07
17.76	-1.93702e-07
17.74	-1.9758e-07
17.72	-2.01535e-07
17.7	-2.05572e-07
17.68	-2.09691e-07
17.66	-2.13893e-07
17.64	-2.18182e-07
17.62	-2.22555e-07
17.6	-2.27021e-07
17.58	-2.31574e-07
17.56	-2.36221e-07
17.54	-2.40962e-07
17.52	-2.45798e-07
17.5	-2.50733e-07
17.48	-2.55768e-07
17.46	-2.60906e-07
17.44	-2.66145e-07
17.42	-2.71494e-07
17.4	-2.76948e-07
17.38	-2.82514e-07
17.36	-2.88196e-07
17.34	-2.93988e-07
17.32	-2.99901e-07
17.3	-3.05932e-07
17.28	-3.12085e-07
17.26	-3.18363e-07
17.24	-3.24768e-07
17.22	-3.31303e-07
17.2	-3.3797e-07
17.18	-3.44773e-07
17.16	-3.51712e-07
17.14	-3.58793e-07
17.12	-3.66015e-07
17.1	-3.73386e-07
17.08	-3.80903e-07
17.06	-3.88576e-07
17.04	-3.96401e-07
17.02	-4.04387e-07
17	-4.12532e-07
16.98	-4.20841e-07
16.96	-4.2932e-07
16.94	-4.37972e-07
16.92	-4.46797e-07
16.9	-4.55802e-07
16.88	-4.64988e-07
16.86	-4.74361e-07
16.84	-4.83921e-07
16.82	-4.93674e-07
16.8	-5.03626e-07
16.78	-5.13779e-07
16.76	-5.24139e-07
16.74	-5.34708e-07
16.72	-5.45488e-07
16.7	-5.56488e-07
16.68	-5.67711e-07
16.66	-5.79158e-07
16.64	-5.9084e-07
16.62	-6.02755e-07
16.6	-6.14911e-07
16.58	-6.27315e-07
16.56	-6.39969e-07
16.54	-6.52878e-07
16.52	-6.66049e-07
16.5	-6.79486e-07
16.48	-6.93194e-07
16.46	-7.07179e-07
16.44	-7.21448e-07
16.42	-7.36005e-07
16.4	-7.50856e-07
16.38	-7.66005e-07
16.36	-7.81464e-07
16.34	-7.97233e-07
16.32	-8.13321e-07
16.3	-8.29735e-07
16.28	-8.46481e-07
16.26	-8.63561e-07
16.24	-8.80992e-07
16.22	-8.98772e-07
16.2	-9.16913e-07
16.18	-9.35421e-07
16.16	-9.543e-07
16.14	-9.73563e-07
16.12	-9.93214e-07
16.1	-1.01326e-06
16.08	-1.03372e-06
16.06	-1.05459e-06
16.04	-1.07587e-06
16.02	-1.09759e-06
16	-1.11975e-06
15.98	-1.14236e-06
15.96	-1.16542e-06
15.94	-1.18894e-06
15.92	-1.21295e-06
15.9	-1.23744e-06
15.88	-1.26242e-06
15.86	-1.28791e-06
15.84	-1.31391e-06
15.82	-1.34044e-06
15.8	-1.36751e-06
15.78	-1.39512e-06
15.76	-1.42329e-06
15.74	-1.45203e-06
15.72	-1.48135e-06
15.7	-1.51126e-06
15.68	-1.54177e-06
15.66	-1.57291e-06
15.64	-1.60467e-06
15.62	-1.63707e-06
15.6	-1.67013e-06
15.58	-1.70386e-06
15.56	-1.73826e-06
15.54	-1.77337e-06
15.52	-1.80918e-06
15.5	-1.84571e-06
15.48	-1.88299e-06
15.46	-1.92101e-06
15.44	-1.95981e-06
15.42	-1.99939e-06
15.4	-2.03977e-06
15.38	-2.08096e-06
15.36	-2.12299e-06
15.34	-2.16586e-06
15.32	-2.2096e-06
15.3	-2.25423e-06
15.28	-2.29975e-06
15.26	-2.3462e-06
15.24	-2.39358e-06
15.22	-2.44193e-06
15.2	-2.49124e-06
15.18	-2.54156e-06
15.16	-2.59289e-06
15.14	-2.64526e-06
15.12	-2.69869e-06
15.1	-2.75319e-06
15.08	-2.8088e-06
15.06	-2.86553e-06
15.04	-2.92341e-06
15.02	-2.98245e-06
15	-3.04269e-06
14.98	-3.10415e-06
14.96	-3.16685e-06
14.94	-3.23081e-06
14.92	-3.29607e-06
14.9	-3.36264e-06
14.88	-3.43056e-06
14.86	-3.49985e-06
14.84	-3.57054e-06
14.82	-3.64267e-06
14.8	-3.71624e-06
14.78	-3.79131e-06
14.76	-3.86788e-06
14.74	-3.94601e-06
14.72	-4.02571e-06
14.7	-4.10703e-06
14.68	-4.18999e-06
14.66	-4.27462e-06
14.64	-4.36096e-06
14.62	-4.44905e-06
14.6	-4.53892e-06
14.58	-4.6306e-06
14.56	-4.72414e-06
14.54	-4.81956e-06
14.52	-4.91691e-06
14.5	-5.01623e-06
14.48	-5.11756e-06
14.46	-5.22093e-06
14.44	-5.32639e-06
14.42	-5.43398e-06
14.4	-5.54375e-06
14.38	-5.65573e-06
14.36	-5.76997e-06
14.34	-5.88652e-06
14.32	-6.00543e-06
14.3	-6.12674e-06
14.28	-6.2505e-06
14.26	-6.37676e-06
14.24	-6.50557e-06
14.22	-6.63698e-06
14.2	-6.77105e-06
14.18	-6.90782e-06
14.16	-7.04736e-06
14.14	-7.18972e-06
14.12	-7.33495e-06
14.1	-7.48312e-06
14.08	-7.63428e-06
14.06	-7.7885e-06
14.04	-7.94583e-06
14.02	-8.10634e-06
14	-8.27008e-06
13.98	-8.43714e-06
13.96	-8.60758e-06
13.94	-8.78145e-06
13.92	-8.95884e-06
13.9	-9.13982e-06
13.88	-9.32444e-06
13.86	-9.5128e-06
13.84	-9.70497e-06
13.82	-9.90101e-06
13.8	-1.0101e-05
13.78	-1.03051e-05
13.76	-1.05132e-05
13.74	-1.07256e-05
13.72	-1.09423e-05
13.7	-1.11633e-05
13.68	-1.13888e-05
13.66	-1.16189e-05
13.64	-1.18536e-05
13.62	-1.2093e-05
13.6	-1.23373e-05
13.58	-1.25865e-05
13.56	-1.28408e-05
13.54	-1.31002e-05
13.52	-1.33648e-05
13.5	-1.36348e-05
13.48	-1.39102e-05
13.46	-1.41912e-05
13.44	-1.44779e-05
13.42	-1.47704e-05
13.4	-1.50688e-05
13.38	-1.53732e-05
13.36	-1.56837e-05
13.34	-1.60005e-05
13.32	-1.63238e-05
13.3	-1.66535e-05
13.28	-1.69899e-05
13.26	-1.73331e-05
13.24	-1.76833e-05
13.22	-1.80405e-05
13.2	-1.84049e-05
13.18	-1.87767e-05
13.16	-1.9156e-05
13.14	-1.9543e-05
13.12	-1.99378e-05
13.1	-2.03406e-05
13.08	-2.07515e-05
13.06	-2.11707e-05
13.04	-2.15983e-05
13.02	-2.20346e-05
13	-2.24798e-05
12.98	-2.29339e-05
12.96	-2.33972e-05
12.94	-2.38698e-05
12.92	-2.4352e-05
12.9	-2.48439e-05
12.88	-2.53458e-05
12.86	-2.58578e-05
12.84	-2.63802e-05
12.82	-2.69131e-05
12.8	-2.74567e-05
12.78	-2.80114e-05
12.76	-2.85773e-05
12.74	-2.91545e-05
12.72	-2.97435e-05
12.7	-3.03443e-05
12.68	-3.09573e-05
12.66	-3.15827e-05
12.64	-3.22207e-05
12.62	-3.28716e-05
12.6	-3.35356e-05
12.58	-3.42131e-05
12.56	-3.49042e-05
12.54	-3.56093e-05
12.52	-3.63287e-05
12.5	-3.70626e-05
12.48	-3.78113e-05
12.46	-3.85751e-05
12.44	-3.93544e-05
12.42	-4.01494e-05
12.4	-4.09604e-05
12.38	-4.17879e-05
12.36	-4.2632e-05
12.34	-4.34932e-05
12.32	-4.43718e-05
12.3	-4.52682e-05
12.28	-4.61827e-05
12.26	-4.71156e-05
12.24	-4.80674e-05
12.22	-4.90384e-05
12.2	-5.0029e-05
12.18	-5.10397e-05
12.16	-5.20707e-05
12.14	-5.31226e-05
12.12	-5.41958e-05
12.1	-5.52906e-05
12.08	-5.64075e-05
12.06	-5.7547e-05
12.04	-5.87095e-05
12.02	-5.98955e-05
12	-6.11055e-05
11.98	-6.23399e-05
11.96	-6.35992e-05
11.94	-6.4884e-05
11.92	-6.61947e-05
11.9	-6.75319e-05
11.88	-6.88961e-05
11.86	-7.02879e-05
11.84	-7.17078e-05
11.82	-7.31563e-05
11.8	-7.46342e-05
11.78	-7.61419e-05
11.76	-7.768e-05
11.74	-7.92492e-05
11.72	-8.08501e-05
11.7	-8.24834e-05
11.68	-8.41496e-05
11.66	-8.58496e-05
11.64	-8.75838e-05
11.62	-8.93531e-05
11.6	-9.11581e-05
11.58	-9.29996e-05
11.56	-9.48783e-05
11.54	-9.67949e-05
11.52	-9.87503e-05
11.5	-0.000100745
11.48	-0.00010278
11.46	-0.000104857
11.44	-0.000106975
11.42	-0.000109136
11.4	-0.00011134
11.38	-0.00011359
11.36	-0.000115884
11.34	-0.000118225
11.32	-0.000120613
11.3	-0.00012305
11.28	-0.000125536
11.26	-0.000128072
11.24	-0.000130659
11.22	-0.000133298
11.2	-0.000135991
11.18	-0.000138738
11.16	-0.000141541
11.14	-0.0001444
11.12	-0.000147317
11.1	-0.000150293
11.08	-0.000153329
11.06	-0.000156426
11.04	-0.000159586
11.02	-0.00016281
11	-0.000166099
10.98	-0.000169454
10.96	-0.000172877
10.94	-0.00017637
10.92	-0.000179932
10.9	-0.000183567
10.88	-0.000187275
10.86	-0.000191059
10.84	-0.000194918
10.82	-0.000198856
10.8	-0.000202873
10.78	-0.000206971
10.76	-0.000211152
10.74	-0.000215417
10.72	-0.000219769
10.7	-0.000224208
10.68	-0.000228737
10.66	-0.000233358
10.64	-0.000238072
10.62	-0.000242881
10.6	-0.000247788
10.58	-0.000252793
10.56	-0.0002579
10.54	-0.000263109
10.52	-0.000268424
10.5	-0.000273847
10.48	-0.000279378
10.46	-0.000285022
10.44	-0.00029078
10.42	-0.000296653
10.4	-0.000302646
10.38	-0.00030876
10.36	-0.000314997
10.34	-0.00032136
10.32	-0.000327851
10.3	-0.000334474
10.28	-0.00034123
10.26	-0.000348123
10.24	-0.000355156
10.22	-0.00036233
10.2	-0.000369649
10.18	-0.000377116
10.16	-0.000384734
10.14	-0.000392506
10.12	-0.000400434
10.1	-0.000408523
10.08	-0.000416775
10.06	-0.000425194
10.04	-0.000433783
10.02	-0.000442546
10	-0.000451485
9.98	-0.000460605
9.96	-0.000469909
9.94	-0.000479401
9.92	-0.000489085
9.9	-0.000498965
9.88	-0.000509044
9.86	-0.000519326
9.84	-0.000529817
9.82	-0.000540519
9.8	-0.000551437
9.78	-0.000562576
9.76	-0.00057394
9.74	-0.000585533
9.72	-0.000597361
9.7	-0.000609427
9.68	-0.000621737
9.66	-0.000634296
9.64	-0.000647109
9.62	-0.00066018
9.6	-0.000673515
9.58	-0.00068712
9.56	-0.000700999
9.54	-0.000715159
9.52	-0.000729604
9.5	-0.000744342
9.48	-0.000759377
9.46	-0.000774716
9.44	-0.000790364
9.42	-0.000806329
9.4	-0.000822616
9.38	-0.000839232
9.36	-0.000856183
9.34	-0.000873477
9.32	-0.00089112
9.3	-0.00090912
9.28	-0.000927483
9.26	-0.000946217
9.24	-0.000965329
9.22	-0.000984827
9.2	-0.00100472
9.18	-0.00102501
9.16	-0.00104572
9.14	-0.00106684
9.12	-0.00108839
9.1	-0.00111037
9.08	-0.0011328
9.06	-0.00115568
9.04	-0.00117902
9.02	-0.00120283
9	-0.00122713
8.98	-0.00125191
8.96	-0.0012772
8.94	-0.001303
8.92	-0.00132931
8.9	-0.00135616
8.88	-0.00138355
8.86	-0.0014115
8.84	-0.00144
8.82	-0.00146909
8.8	-0.00149876
8.78	-0.00152903
8.76	-0.00155991
8.74	-0.00159142
8.72	-0.00162356
8.7	-0.00165635
8.68	-0.0016898
8.66	-0.00172393
8.64	-0.00175875
8.62	-0.00179427
8.6	-0.0018305
8.58	-0.00186747
8.56	-0.00190519
8.54	-0.00194366
8.52	-0.00198292
8.5	-0.00202296
8.48	-0.00206382
8.46	-0.0021055
8.44	-0.00214802
8.42	-0.0021914
8.4	-0.00223565
8.38	-0.0022808
8.36	-0.00232686
8.34	-0.00237385
8.32	-0.00242179
8.3	-0.0024707
8.28	-0.00252059
8.26	-0.00257149
8.24	-0.00262342
8.22	-0.00267639
8.2	-0.00273044
8.18	-0.00278558
8.16	-0.00284183
8.14	-0.00289921
8.12	-0.00295776
8.1	-0.00301748
8.08	-0.00307841
8.06	-0.00314057
8.04	-0.00320399
8.02	-0.00326868
8	-0.00333468
7.98	-0.00340201
7.96	-0.00347071
7.94	-0.00354078
7.92	-0.00361227
7.9	-0.00368521
7.88	-0.00375962
7.86	-0.00383552
7.84	-0.00391296
7.82	-0.00399197
7.8	-0.00407256
7.78	-0.00415479
7.76	-0.00423867
7.74	-0.00432424
7.72	-0.00441154
7.7	-0.0045006
7.68	-0.00459146
7.66	-0.00468416
7.64	-0.00477872
7.62	-0.00487519
7.6	-0.0049736
7.58	-0.005074
7.56	-0.00517643
7.54	-0.00528092
7.52	-0.00538752
7.5	-0.00549627
7.48	-0.00560722
7.46	-0.0057204
7.44	-0.00583586
7.42	-0.00595366
7.4	-0.00607382
7.38	-0.00619642
7.36	-0.00632148
7.34	-0.00644907
7.32	-0.00657922
7.3	-0.00671201
7.28	-0.00684747
7.26	-0.00698566
7.24	-0.00712663
7.22	-0.00727045
7.2	-0.00741717
7.18	-0.00756685
7.16	-0.00771954
7.14	-0.00787531
7.12	-0.00803422
7.1	-0.00819634
7.08	-0.00836172
7.06	-0.00853043
7.04	-0.00870255
7.02	-0.00887813
7	-0.00905725
6.98	-0.00923998
6.96	-0.00942639
6.94	-0.00961655
6.92	-0.00981055
6.9	-0.0100085
6.88	-0.0102103
6.86	-0.0104163
6.84	-0.0106264
6.82	-0.0108407
6.8	-0.0110594
6.78	-0.0112825
6.76	-0.01151
6.74	-0.0117421
6.72	-0.0119789
6.7	-0.0122205
6.68	-0.012467
6.66	-0.0127183
6.64	-0.0129748
6.62	-0.0132364
6.6	-0.0135033
6.58	-0.0137756
6.56	-0.0140533
6.54	-0.0143366
6.52	-0.0146256
6.5	-0.0149205
6.48	-0.0152212
6.46	-0.015528
6.44	-0.015841
6.42	-0.0161603
6.4	-0.016486
6.38	-0.0168182
6.36	-0.0171572
6.34	-0.0175029
6.32	-0.0178556
6.3	-0.0182154
6.28	-0.0185824
6.26	-0.0189567
6.24	-0.0193386
6.22	-0.0197282
6.2	-0.0201256
6.18	-0.020531
6.16	-0.0209445
6.14	-0.0213663
6.12	-0.0217966
6.1	-0.0222356
6.08	-0.0226833
6.06	-0.0231401
6.04	-0.0236059
6.02	-0.0240812
6	-0.024566
5.98	-0.0250605
5.96	-0.0255649
5.94	-0.0260794
5.92	-0.0266043
5.9	-0.0271397
5.88	-0.0276858
5.86	-0.0282428
5.84	-0.028811
5.82	-0.0293906
5.8	-0.0299818
5.78	-0.0305849
5.76	-0.0312
5.74	-0.0318274
5.72	-0.0324674
5.7	-0.0331202
5.68	-0.0337861
5.66	-0.0344653
5.64	-0.0351581
5.62	-0.0358647
5.6	-0.0365855
5.58	-0.0373206
5.56	-0.0380705
5.54	-0.0388353
5.52	-0.0396155
5.5	-0.0404112
5.48	-0.0412227
5.46	-0.0420505
5.44	-0.0428948
5.42	-0.043756
5.4	-0.0446343
5.38	-0.0455302
5.36	-0.0464439
5.34	-0.0473758
5.32	-0.0483263
5.3	-0.0492958
5.28	-0.0502845
5.26	-0.0512929
5.24	-0.0523214
5.22	-0.0533704
5.2	-0.0544402
5.18	-0.0555313
5.16	-0.0566441
5.14	-0.057779
5.12	-0.0589365
5.1	-0.0601169
5.08	-0.0613208
5.06	-0.0625485
5.04	-0.0638007
5.02	-0.0650776
5	-0.0663799
4.98	-0.067708
4.96	-0.0690624
4.94	-0.0704436
4.92	-0.0718521
4.9	-0.0732885
4.88	-0.0747534
4.86	-0.0762471
4.84	-0.0777704
4.82	-0.0793238
4.8	-0.0809078
4.78	-0.0825231
4.76	-0.0841703
4.74	-0.0858499
4.72	-0.0875626
4.7	-0.0893091
4.68	-0.0910899
4.66	-0.0929058
4.64	-0.0947573
4.62	-0.0966453
4.6	-0.0985703
4.58	-0.100533
4.56	-0.102534
4.54	-0.104575
4.52	-0.106656
4.5	-0.108777
4.48	-0.11094
4.46	-0.113145
4.44	-0.115393
4.42	-0.117685
4.4	-0.120022
4.38	-0.122404
4.36	-0.124833
4.34	-0.127309
4.32	-0.129833
4.3	-0.132407
4.28	-0.13503
4.26	-0.137705
4.24	-0.140431
4.22	-0.14321
4.2	-0.146043
4.18	-0.148931
4.16	-0.151874
4.14	-0.154875
4.12	-0.157933
4.1	-0.16105
4.08	-0.164228
4.06	-0.167466
4.04	-0.170767
4.02	-0.174131
4	-0.17756
3.98	-0.181054
3.96	-0.184615
3.94	-0.188245
3.92	-0.191944
3.9	-0.195713
3.88	-0.199554
3.86	-0.203468
3.84	-0.207457
3.82	-0.211522
3.8	-0.215663
3.78	-0.219883
3.76	-0.224183
3.74	-0.228564
3.72	-0.233028
3.7	-0.237575
3.68	-0.242209
3.66	-0.246929
3.64	-0.251738
3.62	-0.256637
3.6	-0.261627
3.58	-0.266711
3.56	-0.27189
3.54	-0.277164
3.52	-0.282537
3.5	-0.28801
3.48	-0.293583
3.46	-0.29926
3.44	-0.305041
3.42	-0.310929
3.4	-0.316925
3.38	-0.323031
3.36	-0.329249
3.34	-0.335581
3.32	-0.342027
3.3	-0.348591
3.28	-0.355274
3.26	-0.362078
3.24	-0.369006
3.22	-0.376057
3.2	-0.383236
3.18	-0.390544
3.16	-0.397982
3.14	-0.405553
3.12	-0.413259
3.1	-0.421102
3.08	-0.429083
3.06	-0.437206
3.04	-0.445472
3.02	-0.453883
3	-0.462441
2.98	-0.471148
2.96	-0.480008
2.94	-0.48902
2.92	-0.498189
2.9	-0.507516
2.88	-0.517003
2.86	-0.526653
2.84	-0.536467
2.82	-0.546448
2.8	-0.556599
2.78	-0.566921
2.76	-0.577416
2.74	-0.588087
2.72	-0.598936
2.7	-0.609966
2.68	-0.621178
2.66	-0.632575
2.64	-0.644159
2.62	-0.655932
2.6	-0.667897
2.58	-0.680056
2.56	-0.69241
2.54	-0.704963
2.52	-0.717716
2.5	-0.730671
2.48	-0.743831
2.46	-0.757198
2.44	-0.770774
2.42	-0.784561
2.4	-0.798561
2.38	-0.812776
2.36	-0.827208
2.34	-0.84186
2.32	-0.856732
2.3	-0.871827
2.28	-0.887148
2.26	-0.902695
2.24	-0.91847
2.22	-0.934476
2.2	-0.950714
2.18	-0.967185
2.16	-0.983892
2.14	-1.00084
2.12	-1.01802
2.1	-1.03544
2.08	-1.0531
2.06	-1.071
2.04	-1.08915
2.02	-1.10754
2	-1.12618
1.98	-1.14507
1.96	-1.1642
1.94	-1.18358
1.92	-1.20321
1.9	-1.22309
1.88	-1.24321
1.86	-1.26359
1.84	-1.28422
1.82	-1.3051
1.8	-1.32623
1.78	-1.34761
1.76	-1.36925
1.74	-1.39113
1.72	-1.41326
1.7	-1.43564
1.68	-1.45827
1.66	-1.48115
1.64	-1.50427
1.62	-1.52764
1.6	-1.55126
1.58	-1.57511
1.56	-1.59921
1.54	-1.62355
1.52	-1.64812
1.5	-1.67293
1.48	-1.69797
1.46	-1.72325
1.44	-1.74875
1.42	-1.77447
1.4	-1.80042
1.38	-1.82659
1.36	-1.85297
1.34	-1.87956
1.32	-1.90636
1.3	-1.93337
1.28	-1.96058
1.26	-1.98798
1.24	-2.01557
1.22	-2.04335
1.2	-2.07131
1.18	-2.09945
1.16	-2.12776
1.14	-2.15623
1.12	-2.18486
1.1	-2.21365
1.08	-2.24259
1.06	-2.27166
1.04	-2.30088
1.02	-2.33022
1	-2.35968
0.98	-2.38925
0.96	-2.41894
0.94	-2.44872
0.92	-2.47859
0.9	-2.50855
0.88	-2.53859
0.86	-2.56869
0.84	-2.59885
0.82	-2.62907
0.8	-2.65932
0.78	-2.68961
0.76	-2.71993
0.74	-2.75026
0.72	-2.78059
0.7	-2.81093
0.68	-2.84125
0.66	-2.87155
0.64	-2.90182
0.62	-2.93204
0.6	-2.96222
0.58	-2.99233
0.56	-3.02237
0.54	-3.05234
0.52	-3.08221
0.5	-3.11198
0.48	-3.14163
0.46	-3.17117
0.44	-3.20057
0.42	-3.22983
0.4	-3.25894
0.38	-3.28789
0.36	-3.31666
0.34	-3.34525
0.32	-3.37364
0.3	-3.40183
0.28	-3.42981
0.26	-3.45757
0.24	-3.48509
0.22	-3.51237
0.2	-3.53939
0.18	-3.56615
0.16	-3.59264
0.14	-3.61885
0.12	-3.64477
0.1	-3.6704
0.08	-3.69571
0.06	-3.72071
0.04	-3.74538
0.02	-3.76972
3.37778e-13	-3.79371
-0.02	-3.81736
-0.04	-3.84065
-0.06	-3.86358
-0.08	-3.88614
-0.1	-3.90831
-0.12	-3.93011
-0.14	-3.95151
-0.16	-3.97251
-0.18	-3.99311
-0.2	-4.0133
-0.22	-4.03308
-0.24	-4.05244
-0.26	-4.07137
-0.28	-4.08987
-0.3	-4.10794
-0.32	-4.12558
-0.34	-4.14277
-0.36	-4.15952
-0.38	-4.17582
-0.4	-4.19167
-0.42	-4.20706
-0.44	-4.22201
-0.46	-4.23649
-0.48	-4.25052
-0.5	-4.26409
-0.52	-4.2772
-0.54	-4.28984
-0.56	-4.30203
-0.58	-4.31375
-0.6	-4.32501
-0.62	-4.33581
-0.64	-4.34615
-0.66	-4.35602
-0.68	-4.36544
-0.7	-4.3744
-0.72	-4.38291
-0.74	-4.39096
-0.76	-4.39856
-0.78	-4.40571
-0.8	-4.41242
-0.82	-4.41868
-0.84	-4.4245
-0.86	-4.42988
-0.88	-4.43483
-0.9	-4.43935
-0.92	-4.44345
-0.94	-4.44712
-0.96	-4.45037
-0.98	-4.45321
-1	-4.45565
-1.02	-4.45767
-1.04	-4.4593
-1.06	-4.46054
-1.08	-4.46139
-1.1	-4.46185
-1.12	-4.46194
-1.14	-4.46165
-1.16	-4.461
-1.18	-4.45998
-1.2	-4.45861
-1.22	-4.45689
-1.24	-4.45483
-1.26	-4.45243
-1.28	-4.4497
-1.3	-4.44664
-1.32	-4.44327
-1.34	-4.43958
-1.36	-4.43559
-1.38	-4.43129
-1.4	-4.42671
-1.42	-4.42183
-1.44	-4.41668
-1.46	-4.41125
-1.48	-4.40555
-1.5	-4.39959
-1.52	-4.39338
-1.54	-4.38691
-1.56	-4.38021
-1.58	-4.37327
-1.6	-4.36609
-1.62	-4.3587
-1.64	-4.35109
-1.66	-4.34326
-1.68	-4.33523
-1.7	-4.327
-1.72	-4.31858
-1.74	-4.30997
-1.76	-4.30118
-1.78	-4.29222
-1.8	-4.28308
-1.82	-4.27378
-1.84	-4.26433
-1.86	-4.25472
-1.88	-4.24496
-1.9	-4.23507
-1.92	-4.22503
-1.94	-4.21487
-1.96	-4.20458
-1.98	-4.19417
-2	-4.18364
-2.02	-4.17301
-2.04	-4.16227
-2.06	-4.15142
-2.08	-4.14049
-2.1	-4.12946
-2.12	-4.11834
-2.14	-4.10714
-2.16	-4.09587
-2.18	-4.08452
-2.2	-4.0731
-2.22	-4.06162
-2.24	-4.05007
-2.26	-4.03847
-2.28	-4.02682
-2.3	-4.01511
-2.32	-4.00336
-2.34	-3.99157
-2.36	-3.97974
-2.38	-3.96788
-2.4	-3.95598
-2.42	-3.94405
-2.44	-3.9321
-2.46	-3.92013
-2.48	-3.90814
-2.5	-3.89613
-2.52	-3.88411
-2.54	-3.87207
-2.56	-3.86003
-2.58	-3.84799
-2.6	-3.83594
-2.62	-3.8239
-2.64	-3.81185
-2.66	-3.79981
-2.68	-3.78778
-2.7	-3.77576
-2.72	-3.76374
-2.74	-3.75175
-2.76	-3.73976
-2.78	-3.7278
-2.8	-3.71586
-2.82	-3.70393
-2.84	-3.69203
-2.86	-3.68016
-2.88	-3.66831
-2.9	-3.65648
-2.92	-3.64469
-2.94	-3.63293
-2.96	-3.6212
-2.98	-3.60951
-3	-3.59785
-3.02	-3.58623
-3.04	-3.57464
-3.06	-3.5631
-3.08	-3.55159
-3.1	-3.54013
-3.12	-3.5287
-3.14	-3.51732
-3.16	-3.50599
-3.18	-3.4947
-3.2	-3.48345
-3.22	-3.47225
-3.24	-3.4611
-3.26	-3.45
-3.28	-3.43894
-3.3	-3.42794
-3.32	-3.41699
-3.34	-3.40608
-3.36	-3.39523
-3.38	-3.38443
-3.4	-3.37368
-3.42	-3.36298
-3.44	-3.35234
-3.46	-3.34175
-3.48	-3.33121
-3.5	-3.32073
-3.52	-3.31031
-3.54	-3.29994
-3.56	-3.28962
-3.58	-3.27936
-3.6	-3.26915
-3.62	-3.259
-3.64	-3.24891
-3.66	-3.23887
-3.68	-3.22889
-3.7	-3.21897
-3.72	-3.2091
-3.74	-3.19929
-3.76	-3.18954
-3.78	-3.17984
-3.8	-3.1702
-3.82	-3.16062
-3.84	-3.15109
-3.86	-3.14162
-3.88	-3.13221
-3.9	-3.12285
-3.92	-3.11355
-3.94	-3.10431
-3.96	-3.09512
-3.98	-3.08599
-4	-3.07691
-4.02	-3.0679
-4.04	-3.05894
-4.06	-3.05003
-4.08	-3.04118
-4.1	-3.03238
-4.12	-3.02364
-4.14	-3.01496
-4.16	-3.00633
-4.18	-2.99776
-4.2	-2.98924
-4.22	-2.98077
-4.24	-2.97236
-4.26	-2.964
-4.28	-2.9557
-4.3	-2.94745
-4.32	-2.93925
-4.34	-2.93111
-4.36	-2.92302
-4.38	-2.91498
-4.4	-2.90699
-4.42	-2.89906
-4.44	-2.89118
-4.46	-2.88335
-4.48	-2.87557
-4.5	-2.86784
-4.52	-2.86016
-4.54	-2.85253
-4.56	-2.84495
-4.58	-2.83742
-4.6	-2.82994
-4.62	-2.82251
-4.64	-2.81513
-4.66	-2.8078
-4.68	-2.80051
-4.7	-2.79327
-4.72	-2.78608
-4.74	-2.77894
-4.76	-2.77184
-4.78	-2.76479
-4.8	-2.75779
-4.82	-2.75083
-4.84	-2.74392
-4.86	-2.73705
-4.88	-2.73023
-4.9	-2.72346
-4.92	-2.71672
-4.94	-2.71004
-4.96	-2.70339
-4.98	-2.69679
-5	-2.69023
-5.02	-2.68372
-5.04	-2.67724
-5.06	-2.67081
-5.08	-2.66442
-5.1	-2.65807
-5.12	-2.65177
-5.14	-2.6455
-5.16	-2.63928
-5.18	-2.63309
-5.2	-2.62695
-5.22	-2.62084
-5.24	-2.61477
-5.26	-2.60875
-5.28	-2.60276
-5.3	-2.59681
-5.32	-2.5909
-5.34	-2.58502
-5.36	-2.57918
-5.38	-2.57338
-5.4	-2.56762
-5.42	-2.5619
-5.44	-2.55621
-5.46	-2.55055
-5.48	-2.54493
-5.5	-2.53935
-5.52	-2.5338
-5.54	-2.52829
-5.56	-2.52281
-5.58	-2.51737
-5.6	-2.51196
-5.62	-2.50658
-5.64	-2.50124
-5.66	-2.49593
-5.68	-2.49065
-5.7	-2.48541
-5.72	-2.48019
-5.74	-2.47501
-5.76	-2.46987
-5.78	-2.46475
-5.8	-2.45966
-5.82	-2.45461
-5.84	-2.44959
-5.86	-2.44459
-5.88	-2.43963
-5.9	-2.4347
-5.92	-2.42979
-5.94	-2.42492
-5.96	-2.42007
-5.98	-2.41526
-6	-2.41047
-6.02	-2.40571
-6.04	-2.40098
-6.06	-2.39628
-6.08	-2.39161
-6.1	-2.38696
-6.12	-2.38234
-6.14	-2.37775
-6.16	-2.37318
-6.18	-2.36864
-6.2	-2.36413
-6.22	-2.35965
-6.24	-2.35518
-6.26	-2.35075
-6.28	-2.34634
-6.3	-2.34196
-6.32	-2.3376
-6.34	-2.33326
-6.36	-2.32896
-6.38	-2.32467
-6.4	-2.32041
-6.42	-2.31617
-6.44	-2.31196
-6.46	-2.30777
-6.48	-2.30361
-6.5	-2.29947
-6.52	-2.29535
-6.54	-2.29125
-6.56	-2.28718
-6.58	-2.28313
-6.6	-2.2791
-6.62	-2.27509
-6.64	-2.27111
-6.66	-2.26714
-6.68	-2.2632
-6.7	-2.25928
-6.72	-2.25538
-6.74	-2.25151
-6.76	-2.24765
-6.78	-2.24381
-6.8	-2.24
-6.82	-2.2362
-6.84	-2.23243
-6.86	-2.22867
-6.88	-2.22494
-6.9	-2.22122
-6.92	-2.21752
-6.94	-2.21385
-6.96	-2.21019
-6.98	-2.20655
-7	-2.20293
-7.02	-2.19933
-7.04	-2.19575
-7.06	-2.19218
-7.08	-2.18864
-7.1	-2.18511
-7.12	-2.1816
-7.14	-2.17811
-7.16	-2.17464
-7.18	-2.17118
-7.2	-2.16774
-7.22	-2.16432
-7.24	-2.16091
-7.26	-2.15753
-7.28	-2.15416
-7.3	-2.1508
-7.32	-2.14747
-7.34	-2.14414
-7.36	-2.14084
-7.38	-2.13755
-7.4	-2.13428
-7.42	-2.13102
-7.44	-2.12778
-7.46	-2.12456
-7.48	-2.12135
-7.5	-2.11815
-7.52	-2.11497
-7.54	-2.11181
-7.56	-2.10866
-7.58	-2.10553
-7.6	-2.10241
-7.62	-2.09931
-7.64	-2.09622
-7.66	-2.09314
-7.68	-2.09008
-7.7	-2.08704
-7.72	-2.08401
-7.74	-2.08099
-7.76	-2.07798
-7.78	-2.07499
-7.8	-2.07202
-7.82	-2.06906
-7.84	-2.06611
-7.86	-2.06317
-7.88	-2.06025
-7.9	-2.05734
-7.92	-2.05444
-7.94	-2.05156
-7.96	-2.04869
-7.98	-2.04583
-8	-2.04299
-8.02	-2.04016
-8.04	-2.03734
-8.06	-2.03453
-8.08	-2.03174
-8.1	-2.02896
-8.12	-2.02619
-8.14	-2.02343
-8.16	-2.02068
-8.18	-2.01795
-8.2	-2.01523
-8.22	-2.01252
-8.24	-2.00982
-8.26	-2.00713
-8.28	-2.00445
-8.3	-2.00179
-8.32	-1.99914
-8.34	-1.9965
-8.36	-1.99387
-8.38	-1.99125
-8.4	-1.98864
-8.42	-1.98604
-8.44	-1.98345
-8.46	-1.98088
-8.48	-1.97831
-8.5	-1.97576
-8.52	-1.97321
-8.54	-1.97068
-8.56	-1.96816
-8.58	-1.96564
-8.6	-1.96314
-8.62	-1.96065
-8.64	-1.95817
-8.66	-1.9557
-8.68	-1.95323
-8.7	-1.95078
-8.72	-1.94834
-8.74	-1.94591
-8.76	-1.94348
-8.78	-1.94107
-8.8	-1.93867
-8.82	-1.93627
-8.84	-1.93389
-8.86	-1.93151
-8.88	-1.92914
-8.9	-1.92679
-8.92	-1.92444
-8.94	-1.9221
-8.96	-1.91977
-8.98	-1.91745
-9	-1.91514
-9.02	-1.91284
-9.04	-1.91054
-9.06	-1.90826
-9.08	-1.90598
-9.1	-1.90371
-9.12	-1.90145
-9.14	-1.8992
-9.16	-1.89696
-9.18	-1.89473
-9.2	-1.8925
-9.22	-1.89028
-9.24	-1.88807
-9.26	-1.88587
-9.28	-1.88368
-9.3	-1.8815
-9.32	-1.87932
-9.34	-1.87715
-9.36	-1.87499
-9.38	-1.87284
-9.4	-1.87069
-9.42	-1.86856
-9.44	-1.86643
-9.46	-1.86431
-9.48	-1.86219
-9.5	-1.86009
-9.52	-1.85799
-9.54	-1.8559
-9.56	-1.85381
-9.58	-1.85174
-9.6	-1.84967
-9.62	-1.84761
-9.64	-1.84555
-9.66	-1.84351
-9.68	-1.84147
-9.7	-1.83943
-9.72	-1.83741
-9.74	-1.83539
-9.76	-1.83338
-9.78	-1.83137
-9.8	-1.82938
-9.82	-1.82739
-9.84	-1.8254
-9.86	-1.82342
-9.88	-1.82145
-9.9	-1.81949
-9.92	-1.81753
-9.94	-1.81558
-9.96	-1.81364
-9.98	-1.8117
-10	-1.80977
-10.02	-1.80785
-10.04	-1.80593
-10.06	-1.80402
-10.08	-1.80212
-10.1	-1.80022
-10.12	-1.79832
-10.14	-1.79644
-10.16	-1.79456
-10.18	-1.79269
-10.2	-1.79082
-10.22	-1.78896
-10.24	-1.7871
-10.26	-1.78525
-10.28	-1.78341
-10.3	-1.78157
-10.32	-1.77974
-10.34	-1.77792
-10.36	-1.7761
-10.38	-1.77428
-10.4	-1.77248
-10.42	-1.77068
-10.44	-1.76888
-10.46	-1.76709
-10.48	-1.76531
-10.5	-1.76353
-10.52	-1.76175
-10.54	-1.75999
-10.56	-1.75822
-10.58	-1.75647
-10.6	-1.75472
-10.62	-1.75297
-10.64	-1.75123
-10.66	-1.7495
-10.68	-1.74777
-10.7	-1.74604
-10.72	-1.74432
-10.74	-1.74261
-10.76	-1.7409
-10.78	-1.7392
-10.8	-1.7375
-10.82	-1.73581
-10.84	-1.73412
-10.86	-1.73244
-10.88	-1.73076
-10.9	-1.72909
-10.92	-1.72742
-10.94	-1.72576
-10.96	-1.72411
-10.98	-1.72245
-11	-1.72081
-11.02	-1.71916
-11.04	-1.71753
-11.06	-1.7159
-11.08	-1.71427
-11.1	-1.71265
-11.12	-1.71103
-11.14	-1.70941
-11.16	-1.70781
-11.18	-1.7062
-11.2	-1.7046
-11.22	-1.70301
-11.24	-1.70142
-11.26	-1.69984
-11.28	-1.69825
-11.3	-1.69668
-11.32	-1.69511
-11.34	-1.69354
-11.36	-1.69198
-11.38	-1.69042
-11.4	-1.68887
-11.42	-1.68732
-11.44	-1.68578
-11.46	-1.68424
-11.48	-1.6827
-11.5	-1.68117
-11.52	-1.67964
-11.54	-1.67812
-11.56	-1.6766
-11.58	-1.67509
-11.6	-1.67358
-11.62	-1.67207
-11.64	-1.67057
-11.66	-1.66907
-11.68	-1.66758
-11.7	-1.66609
-11.72	-1.66461
-11.74	-1.66313
-11.76	-1.66165
-11.78	-1.66018
-11.8	-1.65871
-11.82	-1.65725
-11.84	-1.65579
-11.86	-1.65433
-11.88	-1.65288
-11.9	-1.65143
-11.92	-1.64998
-11.94	-1.64854
-11.96	-1.64711
-11.98	-1.64567
-12	-1.64425
-12.02	-1.64282
-12.04	-1.6414
-12.06	-1.63998
-12.08	-1.63857
-12.1	-1.63716
-12.12	-1.63575
-12.14	-1.63435
-12.16	-1.63295
-12.18	-1.63156
-12.2	-1.63017
-12.22	-1.62878
-12.24	-1.62739
-12.26	-1.62601
-12.28	-1.62464
-12.3	-1.62327
-12.32	-1.6219
-12.34	-1.62053
-12.36	-1.61917
-12.38	-1.61781
-12.4	-1.61645
-12.42	-1.6151
-12.44	-1.61375
-12.46	-1.61241
-12.48	-1.61107
-12.5	-1.60973
-12.52	-1.6084
-12.54	-1.60706
-12.56	-1.60574
-12.58	-1.60441
-12.6	-1.60309
-12.62	-1.60177
-12.64	-1.60046
-12.66	-1.59915
-12.68	-1.59784
-12.7	-1.59654
-12.72	-1.59524
-12.74	-1.59394
-12.76	-1.59265
-12.78	-1.59135
-12.8	-1.59007
-12.82	-1.58878
-12.84	-1.5875
-12.86	-1.58622
-12.88	-1.58495
-12.9	-1.58367
-12.92	-1.58241
-12.94	-1.58114
-12.96	-1.57988
-12.98	-1.57862
-13	-1.57736
-13.02	-1.57611
-13.04	-1.57486
-13.06	-1.57361
-13.08	-1.57237
-13.1	-1.57113
-13.12	-1.56989
-13.14	-1.56865
-13.16	-1.56742
-13.18	-1.56619
-13.2	-1.56496
-13.22	-1.56374
-13.24	-1.56252
-13.26	-1.5613
-13.28	-1.56009
-13.3	-1.55888
-13.32	-1.55767
-13.34	-1.55646
-13.36	-1.55526
-13.38	-1.55406
-13.4	-1.55286
-13.42	-1.55167
-13.44	-1.55048
-13.46	-1.54929
-13.48	-1.5481
-13.5	-1.54692
-13.52	-1.54574
-13.54	-1.54456
-13.56	-1.54339
-13.58	-1.54221
-13.6	-1.54105
-13.62	-1.53988
-13.64	-1.53871
-13.66	-1.53755
-13.68	-1.5364
-13.7	-1.53524
-13.72	-1.53409
-13.74	-1.53294
-13.76	-1.53179
-13.78	-1.53064
-13.8	-1.5295
-13.82	-1.52836
-13.84	-1.52722
-13.86	-1.52609
-13.88	-1.52496
-13.9	-1.52383
-13.92	-1.5227
-13.94	-1.52157
-13.96	-1.52045
-13.98	-1.51933
-14	-1.51822
-14.02	-1.5171
-14.04	-1.51599
-14.06	-1.51488
-14.08	-1.51377
-14.1	-1.51267
-14.12	-1.51157
-14.14	-1.51047
-14.16	-1.50937
-14.18	-1.50828
-14.2	-1.50718
-14.22	-1.50609
-14.24	-1.50501
-14.26	-1.50392
-14.28	-1.50284
-14.3	-1.50176
-14.32	-1.50068
-14.34	-1.4996
-14.36	-1.49853
-14.38	-1.49746
-14.4	-1.49639
-14.42	-1.49533
-14.44	-1.49426
-14.46	-1.4932
-14.48	-1.49214
-14.5	-1.49109
-14.52	-1.49003
-14.54	-1.48898
-14.56	-1.48793
-14.58	-1.48688
-14.6	-1.48584
-14.62	-1.48479
-14.64	-1.48375
-14.66	-1.48271
-14.68	-1.48168
-14.7	-1.48064
-14.72	-1.47961
-14.74	-1.47858
-14.76	-1.47755
-14.78	-1.47653
-14.8	-1.4755
-14.82	-1.47448
-14.84	-1.47346
-14.86	-1.47245
-14.88	-1.47143
-14.9	-1.47042
-14.92	-1.46941
-14.94	-1.4684
-14.96	-1.46739
-14.98	-1.46639
-15	-1.46539
-15.02	-1.46439
-15.04	-1.46339
-15.06	-1.46239
-15.08	-1.4614
-15.1	-1.46041
-15.12	-1.45942
-15.14	-1.45843
-15.16	-1.45745
-15.18	-1.45646
-15.2	-1.45548
-15.22	-1.4545
-15.24	-1.45352
-15.26	-1.45255
-15.28	-1.45157
-15.3	-1.4506
-15.32	-1.44963
-15.34	-1.44867
-15.36	-1.4477
-15.38	-1.44674
-15.4	-1.44578
-15.42	-1.44482
-15.44	-1.44386
-15.46	-1.4429
-15.48	-1.44195
-15.5	-1.441
-15.52	-1.44005
-15.54	-1.4391
-15.56	-1.43815
-15.58	-1.43721
-15.6	-1.43627
-15.62	-1.43533
-15.64	-1.43439
-15.66	-1.43345
-15.68	-1.43251
-15.7	-1.43158
-15.72	-1.43065
-15.74	-1.42972
-15.76	-1.42879
-15.78	-1.42787
-15.8	-1.42694
-15.82	-1.42602
-15.84	-1.4251
-15.86	-1.42418
-15.88	-1.42327
-15.9	-1.42235
-15.92	-1.42144
-15.94	-1.42053
-15.96	-1.41962
-15.98	-1.41871
-16	-1.4178
-16.02	-1.4169
-16.04	-1.416
-16.06	-1.4151
-16.08	-1.4142
-16.1	-1.4133
-16.12	-1.41241
-16.14	-1.41151
-16.16	-1.41062
-16.18	-1.40973
-16.2	-1.40884
-16.22	-1.40795
-16.24	-1.40707
-16.26	-1.40619
-16.28	-1.4053
-16.3	-1.40442
-16.32	-1.40355
-16.34	-1.40267
-16.36	-1.40179
-16.38	-1.40092
-16.4	-1.40005
-16.42	-1.39918
-16.44	-1.39831
-16.46	-1.39744
-16.48	-1.39658
-16.5	-1.39571
-16.52	-1.39485
-16.54	-1.39399
-16.56	-1.39313
-16.58	-1.39228
-16.6	-1.39142
-16.62	-1.39057
-16.64	-1.38971
-16.66	-1.38886
-16.68	-1.38801
-16.7	-1.38717
-16.72	-1.38632
-16.74	-1.38548
-16.76	-1.38463
-16.78	-1.38379
-16.8	-1.38295
-16.82	-1.38211
-16.84	-1.38128
-16.86	-1.38044
-16.88	-1.37961
-16.9	-1.37878
-16.92	-1.37795
-16.94	-1.37712
-16.96	-1.37629
-16.98	-1.37546
-17	-1.37464
-17.02	-1.37382
-17.04	-1.37299
-17.06	-1.37217
-17.08	-1.37136
-17.1	-1.37054
-17.12	-1.36972
-17.14	-1.36891
-17.16	-1.3681
-17.18	-1.36728
-17.2	-1.36648
-17.22	-1.36567
-17.24	-1.36486
-17.26	-1.36405
-17.28	-1.36325
-17.3	-1.36245
-17.32	-1.36165
-17.34	-1.36085
-17.36	-1.36005
-17.38	-1.35925
-17.4	-1.35846
-17.42	-1.35766
-17.44	-1.35687
-17.46	-1.35608
-17.48	-1.35529
-17.5	-1.3545
-17.52	-1.35372
-17.54	-1.35293
-17.56	-1.35215
-17.58	-1.35136
-17.6	-1.35058
-17.62	-1.3498
-17.64	-1.34902
-17.66	-1.34825
-17.68	-1.34747
-17.7	-1.34669
-17.72	-1.34592
-17.74	-1.34515
-17.76	-1.34438
-17.78	-1.34361
-17.8	-1.34284
-17.82	-1.34208
-17.84	-1.34131
-17.86	-1.34055
-17.88	-1.33978
-17.9	-1.33902
-17.92	-1.33826
-17.94	-1.3375
-17.96	-1.33675
-17.98	-1.33599
-18	-1.33524
-18.02	-1.33448
-18.04	-1.33373
-18.06	-1.33298
-18.08	-1.33223
-18.1	-1.33148
-18.12	-1.33073
-18.14	-1.32999
-18.16	-1.32924
-18.18	-1.3285
-18.2	-1.32776
-18.22	-1.32702
-18.24	-1.32628
-18.26	-1.32554
-18.28	-1.3248
-18.3	-1.32407
-18.32	-1.32333
-18.34	-1.3226
-18.36	-1.32187
-18.38	-1.32114
-18.4	-1.32041
-18.42	-1.31968
-18.44	-1.31895
-18.46	-1.31823
-18.48	-1.3175
-18.5	-1.31678
-18.52	-1.31606
-18.54	-1.31533
-18.56	-1.31462
-18.58	-1.3139
-18.6	-1.31318
-18.62	-1.31246
-18.64	-1.31175
-18.66	-1.31103
-18.68	-1.31032
-18.7	-1.30961
-18.72	-1.3089
-18.74	-1.30819
-18.76	-1.30748
-18.78	-1.30677
-18.8	-1.30607
-18.82	-1.30536
-18.84	-1.30466
-18.86	-1.30396
-18.88	-1.30326
-18.9	-1.30256
-18.92	-1.30186
-18.94	-1.30116
-18.96	-1.30046
-18.98	-1.29977
-19	-1.29907
-19.02	-1.29838
-19.04	-1.29769
-19.06	-1.297
-19.08	-1.29631
-19.1	-1.29562
-19.12	-1.29493
-19.14	-1.29424
-19.16	-1.29356
-19.18	-1.29287
-19.2	-1.29219
-19.22	-1.29151
-19.24	-1.29083
-19.26	-1.29015
-19.28	-1.28947
-19.3	-1.28879
-19.32	-1.28811
-19.34	-1.28744
-19.36	-1.28676
-19.38	-1.28609
-19.4	-1.28542
-19.42	-1.28475
-19.44	-1.28408
-19.46	-1.28341
-19.48	-1.28274
-19.5	-1.28207
-19.52	-1.28141
-19.54	-1.28074
-19.56	-1.28008
-19.58	-1.27941
-19.6	-1.27875
-19.62	-1.27809
-19.64	-1.27743
-19.66	-1.27677
-19.68	-1.27611
-19.7	-1.27546
-19.72	-1.2748
-19.74	-1.27415
-19.76	-1.27349
-19.78	-1.27284
-19.8	-1.27219
-19.82	-1.27154
-19.84	-1.27089
-19.86	-1.27024
-19.88	-1.26959
-19.9	-1.26894
-19.92	-1.2683
-19.94	-1.26765
-19.96	-1.26701
-19.98	-1.26637
-20	-1.26573
-19.98	-1.26509
-19.96	-1.26445
-19.94	-1.26381
-19.92	-1.26317
-19.9	-1.26253
-19.88	-1.2619
-19.86	-1.26126
-19.84	-1.26063
-19.82	-1.25999
-19.8	-1.25936
-19.78	-1.25873
-19.76	-1.2581
-19.74	-1.25747
-19.72	-1.25684
-19.7	-1.25622
-19.68	-1.25559
-19.66	-1.25496
-19.64	-1.25434
-19.62	-1.25372
-19.6	-1.25309
-19.58	-1.25247
-19.56	-1.25185
-19.54	-1.25123
-19.52	-1.25061
-19.5	-1.25
-19.48	-1.24938
-19.46	-1.24876
-19.44	-1.24815
-19.42	-1.24753
-19.4	-1.24692
-19.38	-1.24631
-19.36	-1.2457
-19.34	-1.24509
-19.32	-1.24448
-19.3	-1.24387
-19.28	-1.24326
-19.26	-1.24265
-19.24	-1.24205
-19.22	-1.24144
-19.2	-1.24084
-19.18	-1.24023
-19.16	-1.23963
-19.14	-1.23903
-19.12	-1.23843
-19.1	-1.23783
-19.08	-1.23723
-19.06	-1.23663
-19.04	-1.23603
-19.02	-1.23544
-19	-1.23484
-18.98	-1.23425
-18.96	-1.23365
-18.94	-1.23306
-18.92	-1.23247
-18.9	-1.23188
-18.88	-1.23129
-18.86	-1.2307
-18.84	-1.23011
-18.82	-1.22952
-18.8	-1.22893
-18.78	-1.22835
-18.76	-1.22776
-18.74	-1.22718
-18.72	-1.2266
-18.7	-1.22601
-18.68	-1.22543
-18.66	-1.22485
-18.64	-1.22427
-18.62	-1.22369
-18.6	-1.22311
-18.58	-1.22253
-18.56	-1.22196
-18.54	-1.22138
-18.52	-1.22081
-18.5	-1.22023
-18.48	-1.21966
-18.46	-1.21908
-18.44	-1.21851
-18.42	-1.21794
-18.4	-1.21737
-18.38	-1.2168
-18.36	-1.21623
-18.34	-1.21567
-18.32	-1.2151
-18.3	-1.21453
-18.28	-1.21397
-18.26	-1.2134
-18.24	-1.21284
-18.22	-1.21227
-18.2	-1.21171
-18.18	-1.21115
-18.16	-1.21059
-18.14	-1.21003
-18.12	-1.20947
-18.1	-1.20891
-18.08	-1.20835
-18.06	-1.2078
-18.04	-1.20724
-18.02	-1.20669
-18	-1.20613
-17.98	-1.20558
-17.96	-1.20502
-17.94	-1.20447
-17.92	-1.20392
-17.9	-1.20337
-17.88	-1.20282
-17.86	-1.20227
-17.84	-1.20172
-17.82	-1.20117
-17.8	-1.20063
-17.78	-1.20008
-17.76	-1.19954
-17.74	-1.19899
-17.72	-1.19845
-17.7	-1.1979
-17.68	-1.19736
-17.66	-1.19682
-17.64	-1.19628
-17.62	-1.19574
-17.6	-1.1952
-17.58	-1.19466
-17.56	-1.19412
-17.54	-1.19358
-17.52	-1.19305
-17.5	-1.19251
-17.48	-1.19198
-17.46	-1.19144
-17.44	-1.19091
-17.42	-1.19038
-17.4	-1.18984
-17.38	-1.18931
-17.36	-1.18878
-17.34	-1.18825
-17.32	-1.18772
-17.3	-1.18719
-17.28	-1.18666
-17.26	-1.18614
-17.24	-1.18561
-17.22	-1.18508
-17.2	-1.18456
-17.18	-1.18404
-17.16	-1.18351
-17.14	-1.18299
-17.12	-1.18247
-17.1	-1.18194
-17.08	-1.18142
-17.06	-1.1809
-17.04	-1.18038
-17.02	-1.17986
-17	-1.17935
-16.98	-1.17883
-16.96	-1.17831
-16.94	-1.1778
-16.92	-1.17728
-16.9	-1.17677
-16.88	-1.17625
-16.86	-1.17574
-16.84	-1.17523
-16.82	-1.17471
-16.8	-1.1742
-16.78	-1.17369
-16.76	-1.17318
-16.74	-1.17267
-16.72	-1.17216
-16.7	-1.17166
-16.68	-1.17115
-16.66	-1.17064
-16.64	-1.17014
-16.62	-1.16963
-16.6	-1.16912
-16.58	-1.16862
-16.56	-1.16812
-16.54	-1.16761
-16.52	-1.16711
-16.5	-1.16661
-16.48	-1.16611
-16.46	-1.16561
-16.44	-1.16511
-16.42	-1.16461
-16.4	-1.16411
-16.38	-1.16362
-16.36	-1.16312
-16.34	-1.16262
-16.32	-1.16213
-16.3	-1.16163
-16.28	-1.16114
-16.26	-1.16064
-16.24	-1.16015
-16.22	-1.15966
-16.2	-1.15917
-16.18	-1.15867
-16.16	-1.15818
-16.14	-1.15769
-16.12	-1.1572
-16.1	-1.15672
-16.08	-1.15623
-16.06	-1.15574
-16.04	-1.15525
-16.02	-1.15477
-16	-1.15428
-15.98	-1.1538
-15.96	-1.15331
-15.94	-1.15283
-15.92	-1.15234
-15.9	-1.15186
-15.88	-1.15138
-15.86	-1.1509
-15.84	-1.15042
-15.82	-1.14994
-15.8	-1.14946
-15.78	-1.14898
-15.76	-1.1485
-15.74	-1.14802
-15.72	-1.14755
-15.7	-1.14707
-15.68	-1.14659
-15.66	-1.14612
-15.64	-1.14564
-15.62	-1.14517
-15.6	-1.1447
-15.58	-1.14422
-15.56	-1.14375
-15.54	-1.14328
-15.52	-1.14281
-15.5	-1.14234
-15.48	-1.14187
-15.46	-1.1414
-15.44	-1.14093
-15.42	-1.14046
-15.4	-1.13999
-15.38	-1.13953
-15.36	-1.13906
-15.34	-1.13859
-15.32	-1.13813
-15.3	-1.13766
-15.28	-1.1372
-15.26	-1.13673
-15.24	-1.13627
-15.22	-1.13581
-15.2	-1.13535
-15.18	-1.13488
-15.16	-1.13442
-15.14	-1.13396
-15.12	-1.1335
-15.1	-1.13304
-15.08	-1.13259
-15.06	-1.13213
-15.04	-1.13167
-15.02	-1.13121
-15	-1.13076
-14.98	-1.1303
-14.96	-1.12985
-14.94	-1.12939
-14.92	-1.12894
-14.9	-1.12848
-14.88	-1.12803
-14.86	-1.12758
-14.84	-1.12713
-14.82	-1.12667
-14.8	-1.12622
-14.78	-1.12577
-14.76	-1.12532
-14.74	-1.12487
-14.72	-1.12442
-14.7	-1.12398
-14.68	-1.12353
-14.66	-1.12308
-14.64	-1.12263
-14.62	-1.12219
-14.6	-1.12174
-14.58	-1.1213
-14.56	-1.12085
-14.54	-1.12041
-14.52	-1.11997
-14.5	-1.11952
-14.48	-1.11908
-14.46	-1.11864
-14.44	-1.1182
-14.42	-1.11776
-14.4	-1.11732
-14.38	-1.11688
-14.36	-1.11644
-14.34	-1.116
-14.32	-1.11556
-14.3	-1.11512
-14.28	-1.11469
-14.26	-1.11425
-14.24	-1.11381
-14.22	-1.11338
-14.2	-1.11294
-14.18	-1.11251
-14.16	-1.11207
-14.14	-1.11164
-14.12	-1.11121
-14.1	-1.11077
-14.08	-1.11034
-14.06	-1.10991
-14.04	-1.10948
-14.02	-1.10905
-14	-1.10862
-13.98	-1.10819
-13.96	-1.10776
-13.94	-1.10733
-13.92	-1.1069
-13.9	-1.10648
-13.88	-1.10605
-13.86	-1.10562
-13.84	-1.1052
-13.82	-1.10477
-13.8	-1.10434
-13.78	-1.10392
-13.76	-1.1035
-13.74	-1.10307
-13.72	-1.10265
-13.7	-1.10223
-13.68	-1.1018
-13.66	-1.10138
-13.64	-1.10096
-13.62	-1.10054
-13.6	-1.10012
-13.58	-1.0997
-13.56	-1.09928
-13.54	-1.09886
-13.52	-1.09844
-13.5	-1.09803
-13.48	-1.09761
-13.46	-1.09719
-13.44	-1.09677
-13.42	-1.09636
-13.4	-1.09594
-13.38	-1.09553
-13.36	-1.09511
-13.34	-1.0947
-13.32	-1.09429
-13.3	-1.09387
-13.28	-1.09346
-13.26	-1.09305
-13.24	-1.09263
-13.22	-1.09222
-13.2	-1.09181
-13.18	-1.0914
-13.16	-1.09099
-13.14	-1.09058
-13.12	-1.09017
-13.1	-1.08976
-13.08	-1.08936
-13.06	-1.08895
-13.04	-1.08854
-13.02	-1.08813
-13	-1.08773
-12.98	-1.08732
-12.96	-1.08692
-12.94	-1.08651
-12.92	-1.08611
-12.9	-1.0857
-12.88	-1.0853
-12.86	-1.0849
-12.84	-1.08449
-12.82	-1.08409
-12.8	-1.08369
-12.78	-1.08329
-12.76	-1.08289
-12.74	-1.08248
-12.72	-1.08208
-12.7	-1.08168
-12.68	-1.08129
-12.66	-1.08089
-12.64	-1.08049
-12.62	-1.08009
-12.6	-1.07969
-12.58	-1.07929
-12.56	-1.0789
-12.54	-1.0785
-12.52	-1.07811
-12.5	-1.07771
-12.48	-1.07731
-12.46	-1.07692
-12.44	-1.07653
-12.42	-1.07613
-12.4	-1.07574
-12.38	-1.07535
-12.36	-1.07495
-12.34	-1.07456
-12.32	-1.07417
-12.3	-1.07378
-12.28	-1.07339
-12.26	-1.073
-12.24	-1.07261
-12.22	-1.07222
-12.2	-1.07183
-12.18	-1.07144
-12.16	-1.07105
-12.14	-1.07066
-12.12	-1.07027
-12.1	-1.06989
-12.08	-1.0695
-12.06	-1.06911
-12.04	-1.06873
-12.02	-1.06834
-12	-1.06795
-11.98	-1.06757
-11.96	-1.06719
-11.94	-1.0668
-11.92	-1.06642
-11.9	-1.06603
-11.88	-1.06565
-11.86	-1.06527
-11.84	-1.06489
-11.82	-1.0645
-11.8	-1.06412
-11.78	-1.06374
-11.76	-1.06336
-11.74	-1.06298
-11.72	-1.0626
-11.7	-1.06222
-11.68	-1.06184
-11.66	-1.06146
-11.64	-1.06108
-11.62	-1.06071
-11.6	-1.06033
-11.58	-1.05995
-11.56	-1.05957
-11.54	-1.0592
-11.52	-1.05882
-11.5	-1.05844
-11.48	-1.05807
-11.46	-1.05769
-11.44	-1.05732
-11.42	-1.05694
-11.4	-1.05657
-11.38	-1.0562
-11.36	-1.05582
-11.34	-1.05545
-11.32	-1.05508
-11.3	-1.0547
-11.28	-1.05433
-11.26	-1.05396
-11.24	-1.05359
-11.22	-1.05322
-11.2	-1.05285
-11.18	-1.05248
-11.16	-1.05211
-11.14	-1.05174
-11.12	-1.05137
-11.1	-1.051
-11.08	-1.05063
-11.06	-1.05026
-11.04	-1.04989
-11.02	-1.04952
-11	-1.04916
-10.98	-1.04879
-10.96	-1.04842
-10.94	-1.04806
-10.92	-1.04769
-10.9	-1.04732
-10.88	-1.04696
-10.86	-1.04659
-10.84	-1.04623
-10.82	-1.04586
-10.8	-1.0455
-10.78	-1.04513
-10.76	-1.04477
-10.74	-1.04441
-10.72	-1.04404
-10.7	-1.04368
-10.68	-1.04332
-10.66	-1.04295
-10.64	-1.04259
-10.62	-1.04223
-10.6	-1.04187
-10.58	-1.04151
-10.56	-1.04115
-10.54	-1.04078
-10.52	-1.04042
-10.5	-1.04006
-10.48	-1.0397
-10.46	-1.03934
-10.44	-1.03898
-10.42	-1.03862
-10.4	-1.03827
-10.38	-1.03791
-10.36	-1.03755
-10.34	-1.03719
-10.32	-1.03683
-10.3	-1.03647
-10.28	-1.03612
-10.26	-1.03576
-10.24	-1.0354
-10.22	-1.03504
-10.2	-1.03469
-10.18	-1.03433
-10.16	-1.03397
-10.14	-1.03362
-10.12	-1.03326
-10.1	-1.03291
-10.08	-1.03255
-10.06	-1.03219
-10.04	-1.03184
-10.02	-1.03148
-10	-1.03113
-9.98	-1.03077
-9.96	-1.03042
-9.94	-1.03006
-9.92	-1.02971
-9.9	-1.02936
-9.88	-1.029
-9.86	-1.02865
-9.84	-1.02829
-9.82	-1.02794
-9.8	-1.02759
-9.78	-1.02723
-9.76	-1.02688
-9.74	-1.02653
-9.72	-1.02618
-9.7	-1.02582
-9.68	-1.02547
-9.66	-1.02512
-9.64	-1.02476
-9.62	-1.02441
-9.6	-1.02406
-9.58	-1.02371
-9.56	-1.02335
-9.54	-1.023
-9.52	-1.02265
-9.5	-1.0223
-9.48	-1.02195
-9.46	-1.02159
-9.44	-1.02124
-9.42	-1.02089
-9.4	-1.02054
-9.38	-1.02018
-9.36	-1.01983
-9.34	-1.01948
-9.32	-1.01913
-9.3	-1.01878
-9.28	-1.01842
-9.26	-1.01807
-9.24	-1.01772
-9.22	-1.01737
-9.2	-1.01701
-9.18	-1.01666
-9.16	-1.01631
-9.14	-1.01596
-9.12	-1.0156
-9.1	-1.01525
-9.08	-1.0149
-9.06	-1.01455
-9.04	-1.01419
-9.02	-1.01384
-9	-1.01349
-8.98	-1.01313
-8.96	-1.01278
-8.94	-1.01242
-8.92	-1.01207
-8.9	-1.01171
-8.88	-1.01136
-8.86	-1.011
-8.84	-1.01065
-8.82	-1.01029
-8.8	-1.00994
-8.78	-1.00958
-8.76	-1.00923
-8.74	-1.00887
-8.72	-1.00851
-8.7	-1.00816
-8.68	-1.0078
-8.66	-1.00744
-8.64	-1.00708
-8.62	-1.00672
-8.6	-1.00636
-8.58	-1.006
-8.56	-1.00564
-8.54	-1.00528
-8.52	-1.00492
-8.5	-1.00456
-8.48	-1.0042
-8.46	-1.00384
-8.44	-1.00347
-8.42	-1.00311
-8.4	-1.00275
-8.38	-1.00238
-8.36	-1.00202
-8.34	-1.00165
-8.32	-1.00128
-8.3	-1.00092
-8.28	-1.00055
-8.26	-1.00018
-8.24	-0.99981
-8.22	-0.99944
-8.2	-0.999069
-8.18	-0.998698
-8.16	-0.998325
-8.14	-0.997952
-8.12	-0.997578
-8.1	-0.997203
-8.08	-0.996827
-8.06	-0.99645
-8.04	-0.996072
-8.02	-0.995693
-8	-0.995313
-7.98	-0.994932
-7.96	-0.994551
-7.94	-0.994168
-7.92	-0.993783
-7.9	-0.993398
-7.88	-0.993012
-7.86	-0.992624
-7.84	-0.992235
-7.82	-0.991845
-7.8	-0.991453
-7.78	-0.991061
-7.76	-0.990666
-7.74	-0.990271
-7.72	-0.989874
-7.7	-0.989475
-7.68	-0.989075
-7.66	-0.988674
-7.64	-0.988271
-7.62	-0.987866
-7.6	-0.98746
-7.58	-0.987051
-7.56	-0.986642
-7.54	-0.98623
-7.52	-0.985817
-7.5	-0.985401
-7.48	-0.984984
-7.46	-0.984565
-7.44	-0.984144
-7.42	-0.983721
-7.4	-0.983295
-7.38	-0.982868
-7.36	-0.982438
-7.34	-0.982006
-7.32	-0.981572
-7.3	-0.981136
-7.28	-0.980697
-7.26	-0.980255
-7.24	-0.979812
-7.22	-0.979365
-7.2	-0.978916
-7.18	-0.978464
-7.16	-0.97801
-7.14	-0.977553
-7.12	-0.977093
-7.1	-0.976629
-7.08	-0.976163
-7.06	-0.975694
-7.04	-0.975222
-7.02	-0.974747
-7	-0.974268
-6.98	-0.973786
-6.96	-0.973301
-6.94	-0.972812
-6.92	-0.972319
-6.9	-0.971823
-6.88	-0.971323
-6.86	-0.97082
-6.84	-0.970312
-6.82	-0.969801
-6.8	-0.969285
-6.78	-0.968766
-6.76	-0.968242
-6.74	-0.967714
-6.72	-0.967181
-6.7	-0.966644
-6.68	-0.966102
-6.66	-0.965556
-6.64	-0.965005
-6.62	-0.964449
-6.6	-0.963888
-6.58	-0.963322
-6.56	-0.96275
-6.54	-0.962174
-6.52	-0.961592
-6.5	-0.961004
-6.48	-0.960411
-6.46	-0.959812
-6.44	-0.959206
-6.42	-0.958595
-6.4	-0.957978
-6.38	-0.957355
-6.36	-0.956725
-6.34	-0.956088
-6.32	-0.955445
-6.3	-0.954795
-6.28	-0.954138
-6.26	-0.953474
-6.24	-0.952803
-6.22	-0.952124
-6.2	-0.951438
-6.18	-0.950744
-6.16	-0.950042
-6.14	-0.949332
-6.12	-0.948614
-6.1	-0.947887
-6.08	-0.947152
-6.06	-0.946408
-6.04	-0.945655
-6.02	-0.944894
-6	-0.944122
-5.98	-0.943342
-5.96	-0.942552
-5.94	-0.941751
-5.92	-0.940941
-5.9	-0.940121
-5.88	-0.93929
-5.86	-0.938448
-5.84	-0.937596
-5.82	-0.936732
-5.8	-0.935857
-5.78	-0.93497
-5.76	-0.934072
-5.74	-0.933161
-5.72	-0.932239
-5.7	-0.931303
-5.68	-0.930355
-5.66	-0.929394
-5.64	-0.928419
-5.62	-0.927431
-5.6	-0.926429
-5.58	-0.925413
-5.56	-0.924382
-5.54	-0.923336
-5.52	-0.922276
-5.5	-0.9212
-5.48	-0.920109
-5.46	-0.919001
-5.44	-0.917878
-5.42	-0.916737
-5.4	-0.91558
-5.38	-0.914406
-5.36	-0.913214
-5.34	-0.912003
-5.32	-0.910775
-5.3	-0.909528
-5.28	-0.908262
-5.26	-0.906976
-5.24	-0.905671
-5.22	-0.904345
-5.2	-0.902999
-5.18	-0.901631
-5.16	-0.900243
-5.14	-0.898832
-5.12	-0.897399
-5.1	-0.895943
-5.08	-0.894464
-5.06	-0.892962
-5.04	-0.891435
-5.02	-0.889884
-5	-0.888307
-4.98	-0.886705
-4.96	-0.885077
-4.94	-0.883423
-4.92	-0.881741
-4.9	-0.880032
-4.88	-0.878294
-4.86	-0.876528
-4.84	-0.874733
-4.82	-0.872907
-4.8	-0.871051
-4.78	-0.869165
-4.76	-0.867246
-4.74	-0.865295
-4.72	-0.863312
-4.7	-0.861295
-4.68	-0.859244
-4.66	-0.857158
-4.64	-0.855036
-4.62	-0.852879
-4.6	-0.850684
-4.58	-0.848452
-4.56	-0.846182
-4.54	-0.843873
-4.52	-0.841523
-4.5	-0.839134
-4.48	-0.836703
-4.46	-0.83423
-4.44	-0.831714
-4.42	-0.829155
-4.4	-0.826551
-4.38	-0.823901
-4.36	-0.821206
-4.34	-0.818463
-4.32	-0.815673
-4.3	-0.812833
-4.28	-0.809944
-4.26	-0.807004
-4.24	-0.804012
-4.22	-0.800968
-4.2	-0.79787
-4.18	-0.794718
-4.16	-0.79151
-4.14	-0.788245
-4.12	-0.784923
-4.1	-0.781542
-4.08	-0.778101
-4.06	-0.774599
-4.04	-0.771035
-4.02	-0.767408
-4	-0.763717
-3.98	-0.75996
-3.96	-0.756136
-3.94	-0.752245
-3.92	-0.748284
-3.9	-0.744253
-3.88	-0.740151
-3.86	-0.735975
-3.84	-0.731726
-3.82	-0.7274
-3.8	-0.722998
-3.78	-0.718518
-3.76	-0.713958
-3.74	-0.709317
-3.72	-0.704594
-3.7	-0.699787
-3.68	-0.694894
-3.66	-0.689915
-3.64	-0.684847
-3.62	-0.67969
-3.6	-0.674441
-3.58	-0.669099
-3.56	-0.663662
-3.54	-0.65813
-3.52	-0.6525
-3.5	-0.64677
-3.48	-0.640939
-3.46	-0.635005
-3.44	-0.628967
-3.42	-0.622823
-3.4	-0.616571
-3.38	-0.610209
-3.36	-0.603735
-3.34	-0.597148
-3.32	-0.590446
-3.3	-0.583627
-3.28	-0.576689
-3.26	-0.56963
-3.24	-0.562448
-3.22	-0.555142
-3.2	-0.547709
-3.18	-0.540147
-3.16	-0.532455
-3.14	-0.524631
-3.12	-0.516671
-3.1	-0.508576
-3.08	-0.500341
-3.06	-0.491966
-3.04	-0.483448
-3.02	-0.474784
-3	-0.465974
-2.98	-0.457015
-2.96	-0.447904
-2.94	-0.438639
-2.92	-0.429219
-2.9	-0.419641
-2.88	-0.409903
-2.86	-0.400003
-2.84	-0.389938
-2.82	-0.379707
-2.8	-0.369306
-2.78	-0.358735
-2.76	-0.34799
-2.74	-0.337069
-2.72	-0.325971
-2.7	-0.314692
-2.68	-0.303231
-2.66	-0.291585
-2.64	-0.279753
-2.62	-0.267731
-2.6	-0.255519
-2.58	-0.243112
-2.56	-0.23051
-2.54	-0.21771
-2.52	-0.20471
-2.5	-0.191507
-2.48	-0.1781
-2.46	-0.164487
-2.44	-0.150665
-2.42	-0.136631
-2.4	-0.122386
-2.38	-0.107925
-2.36	-0.0932467
-2.34	-0.0783499
-2.32	-0.0632323
-2.3	-0.0478918
-2.28	-0.0323266
-2.26	-0.0165349
-2.24	-0.000514853
-2.22	0.0157352
-2.2	0.0322171
-2.18	0.0489324
-2.16	0.0658826
-2.14	0.0830694
-2.12	0.100494
-2.1	0.118158
-2.08	0.136063
-2.06	0.15421
-2.04	0.172601
-2.02	0.191235
-2	0.210115
-1.98	0.229242
-1.96	0.248615
-1.94	0.268237
-1.92	0.288107
-1.9	0.308227
-1.88	0.328596
-1.86	0.349215
-1.84	0.370085
-1.82	0.391206
-1.8	0.412577
-1.78	0.434199
-1.76	0.456071
-1.74	0.478193
-1.72	0.500564
-1.7	0.523185
-1.68	0.546054
-1.66	0.569171
-1.64	0.592533
-1.62	0.616141
-1.6	0.639994
-1.58	0.664088
-1.56	0.688423
-1.54	0.712998
-1.52	0.73781
-1.5	0.762856
-1.48	0.788136
-1.46	0.813645
-1.44	0.839383
-1.42	0.865345
-1.4	0.891529
-1.38	0.917931
-1.36	0.944549
-1.34	0.971378
-1.32	0.998416
-1.3	1.02566
-1.28	1.0531
-1.26	1.08074
-1.24	1.10856
-1.22	1.13658
-1.2	1.16477
-1.18	1.19314
-1.16	1.22169
-1.14	1.2504
-1.12	1.27926
-1.1	1.30828
-1.08	1.33745
-1.06	1.36676
-1.04	1.39621
-1.02	1.42578
-1	1.45548
-0.98	1.48529
-0.96	1.5152
-0.94	1.54522
-0.92	1.57532
-0.9	1.60551
-0.88	1.63578
-0.86	1.66611
-0.84	1.69651
-0.82	1.72695
-0.8	1.75744
-0.78	1.78796
-0.76	1.8185
-0.74	1.84906
-0.72	1.87963
-0.7	1.91019
-0.68	1.94075
-0.66	1.97127
-0.64	2.00177
-0.62	2.03223
-0.6	2.06263
-0.58	2.09298
-0.56	2.12325
-0.54	2.15344
-0.52	2.18354
-0.5	2.21353
-0.48	2.24342
-0.46	2.27318
-0.44	2.30281
-0.42	2.3323
-0.4	2.36164
-0.38	2.39081
-0.36	2.41981
-0.34	2.44862
-0.32	2.47725
-0.3	2.50566
-0.28	2.53387
-0.26	2.56185
-0.24	2.5896
-0.22	2.6171
-0.2	2.64435
-0.18	2.67134
-0.16	2.69805
-0.14	2.72449
-0.12	2.75063
-0.1	2.77648
-0.08	2.80202
-0.06	2.82724
-0.04	2.85214
-0.02	2.8767
3.37681e-13	2.90092
0.02	2.92479
0.04	2.9483
0.06	2.97146
0.08	2.99423
0.1	3.01663
0.12	3.03865
0.14	3.06027
0.16	3.0815
0.18	3.10232
0.2	3.12274
0.22	3.14273
0.24	3.16231
0.26	3.18147
0.28	3.20019
0.3	3.21848
0.32	3.23634
0.34	3.25375
0.36	3.27072
0.38	3.28724
0.4	3.30331
0.42	3.31893
0.44	3.33409
0.46	3.3488
0.48	3.36305
0.5	3.37684
0.52	3.39016
0.54	3.40303
0.56	3.41543
0.58	3.42737
0.6	3.43885
0.62	3.44987
0.64	3.46043
0.66	3.47052
0.68	3.48016
0.7	3.48934
0.72	3.49806
0.74	3.50633
0.76	3.51415
0.78	3.52152
0.8	3.52844
0.82	3.53492
0.84	3.54095
0.86	3.54656
0.88	3.55172
0.9	3.55646
0.92	3.56077
0.94	3.56466
0.96	3.56813
0.98	3.57118
1	3.57383
1.02	3.57607
1.04	3.57792
1.06	3.57937
1.08	3.58043
1.1	3.58111
1.12	3.58141
1.14	3.58134
1.16	3.5809
1.18	3.5801
1.2	3.57894
1.22	3.57744
1.24	3.57559
1.26	3.5734
1.28	3.57088
1.3	3.56804
1.32	3.56488
1.34	3.5614
1.36	3.55762
1.38	3.55354
1.4	3.54917
1.42	3.54451
1.44	3.53956
1.46	3.53435
1.48	3.52886
1.5	3.52311
1.52	3.51711
1.54	3.51086
1.56	3.50437
1.58	3.49764
1.6	3.49067
1.62	3.48349
1.64	3.47609
1.66	3.46847
1.68	3.46065
1.7	3.45264
1.72	3.44442
1.74	3.43603
1.76	3.42745
1.78	3.41869
1.8	3.40976
1.82	3.40068
1.84	3.39143
1.86	3.38203
1.88	3.37248
1.9	3.36279
1.92	3.35297
1.94	3.34301
1.96	3.33293
1.98	3.32273
2	3.31241
2.02	3.30198
2.04	3.29145
2.06	3.28082
2.08	3.27009
2.1	3.25926
2.12	3.24836
2.14	3.23736
2.16	3.2263
2.18	3.21515
2.2	3.20394
2.22	3.19266
2.24	3.18133
2.26	3.16993
2.28	3.15848
2.3	3.14698
2.32	3.13544
2.34	3.12385
2.36	3.11223
2.38	3.10057
2.4	3.08888
2.42	3.07715
2.44	3.06541
2.46	3.05364
2.48	3.04185
2.5	3.03005
2.52	3.01823
2.54	3.0064
2.56	2.99457
2.58	2.98273
2.6	2.97088
2.62	2.95904
2.64	2.9472
2.66	2.93536
2.68	2.92353
2.7	2.91171
2.72	2.8999
2.74	2.88811
2.76	2.87633
2.78	2.86457
2.8	2.85282
2.82	2.8411
2.84	2.8294
2.86	2.81773
2.88	2.80608
2.9	2.79446
2.92	2.78287
2.94	2.77131
2.96	2.75979
2.98	2.74829
3	2.73683
3.02	2.72541
3.04	2.71403
3.06	2.70268
3.08	2.69138
3.1	2.68011
3.12	2.66889
3.14	2.65771
3.16	2.64657
3.18	2.63548
3.2	2.62444
3.22	2.61344
3.24	2.60248
3.26	2.59158
3.28	2.58073
3.3	2.56992
3.32	2.55916
3.34	2.54846
3.36	2.5378
3.38	2.5272
3.4	2.51665
3.42	2.50615
3.44	2.49571
3.46	2.48531
3.48	2.47498
3.5	2.46469
3.52	2.45446
3.54	2.44429
3.56	2.43417
3.58	2.42411
3.6	2.4141
3.62	2.40414
3.64	2.39425
3.66	2.38441
3.68	2.37462
3.7	2.36489
3.72	2.35522
3.74	2.34561
3.76	2.33605
3.78	2.32655
3.8	2.3171
3.82	2.30771
3.84	2.29838
3.86	2.28911
3.88	2.27989
3.9	2.27073
3.92	2.26162
3.94	2.25257
3.96	2.24358
3.98	2.23464
4	2.22576
4.02	2.21694
4.04	2.20817
4.06	2.19946
4.08	2.1908
4.1	2.1822
4.12	2.17366
4.14	2.16517
4.16	2.15673
4.18	2.14835
4.2	2.14002
4.22	2.13175
4.24	2.12353
4.26	2.11536
4.28	2.10725
4.3	2.0992
4.32	2.09119
4.34	2.08324
4.36	2.07534
4.38	2.06749
4.4	2.0597
4.42	2.05196
4.44	2.04426
4.46	2.03662
4.48	2.02903
4.5	2.0215
4.52	2.01401
4.54	2.00657
4.56	1.99918
4.58	1.99184
4.6	1.98455
4.62	1.97731
4.64	1.97012
4.66	1.96298
4.68	1.95588
4.7	1.94883
4.72	1.94183
4.74	1.93488
4.76	1.92797
4.78	1.92111
4.8	1.91429
4.82	1.90753
4.84	1.9008
4.86	1.89413
4.88	1.88749
4.9	1.8809
4.92	1.87436
4.94	1.86786
4.96	1.8614
4.98	1.85499
5	1.84862
5.02	1.84229
5.04	1.836
5.06	1.82976
5.08	1.82356
5.1	1.8174
5.12	1.81128
5.14	1.8052
5.16	1.79916
5.18	1.79316
5.2	1.7872
5.22	1.78128
5.24	1.7754
5.26	1.76956
5.28	1.76376
5.3	1.75799
5.32	1.75227
5.34	1.74658
5.36	1.74093
5.38	1.73531
5.4	1.72973
5.42	1.72419
5.44	1.71869
5.46	1.71322
5.48	1.70778
5.5	1.70239
5.52	1.69702
5.54	1.69169
5.56	1.6864
5.58	1.68114
5.6	1.67591
5.62	1.67072
5.64	1.66556
5.66	1.66043
5.68	1.65534
5.7	1.65028
5.72	1.64525
5.74	1.64025
5.76	1.63529
5.78	1.63035
5.8	1.62545
5.82	1.62058
5.84	1.61574
5.86	1.61093
5.88	1.60615
5.9	1.6014
5.92	1.59667
5.94	1.59198
5.96	1.58732
5.98	1.58269
6	1.57808
6.02	1.5735
6.04	1.56895
6.06	1.56443
6.08	1.55994
6.1	1.55547
6.12	1.55104
6.14	1.54662
6.16	1.54224
6.18	1.53788
6.2	1.53355
6.22	1.52924
6.24	1.52496
6.26	1.52071
6.28	1.51648
6.3	1.51227
6.32	1.50809
6.34	1.50394
6.36	1.49981
6.38	1.4957
6.4	1.49162
6.42	1.48757
6.44	1.48353
6.46	1.47952
6.48	1.47554
6.5	1.47157
6.52	1.46763
6.54	1.46371
6.56	1.45982
6.58	1.45595
6.6	1.4521
6.62	1.44827
6.64	1.44446
6.66	1.44067
6.68	1.43691
6.7	1.43317
6.72	1.42945
6.74	1.42575
6.76	1.42207
6.78	1.41841
6.8	1.41477
6.82	1.41115
6.84	1.40755
6.86	1.40397
6.88	1.40041
6.9	1.39687
6.92	1.39335
6.94	1.38985
6.96	1.38637
6.98	1.38291
7	1.37946
7.02	1.37604
7.04	1.37263
7.06	1.36924
7.08	1.36587
7.1	1.36252
7.12	1.35919
7.14	1.35587
7.16	1.35257
7.18	1.34929
7.2	1.34603
7.22	1.34278
7.24	1.33955
7.26	1.33633
7.28	1.33314
7.3	1.32996
7.32	1.32679
7.34	1.32365
7.36	1.32052
7.38	1.3174
7.4	1.3143
7.42	1.31122
7.44	1.30815
7.46	1.3051
7.48	1.30206
7.5	1.29904
7.52	1.29604
7.54	1.29305
7.56	1.29007
7.58	1.28711
7.6	1.28416
7.62	1.28123
7.64	1.27831
7.66	1.27541
7.68	1.27252
7.7	1.26965
7.72	1.26679
7.74	1.26394
7.76	1.26111
7.78	1.25829
7.8	1.25549
7.82	1.2527
7.84	1.24992
7.86	1.24715
7.88	1.2444
7.9	1.24166
7.92	1.23894
7.94	1.23623
7.96	1.23353
7.98	1.23084
8	1.22817
8.02	1.2255
8.04	1.22286
8.06	1.22022
8.08	1.21759
8.1	1.21498
8.12	1.21238
8.14	1.20979
8.16	1.20722
8.18	1.20465
8.2	1.2021
8.22	1.19956
8.24	1.19703
8.26	1.19451
8.28	1.192
8.3	1.18951
8.32	1.18702
8.34	1.18455
8.36	1.18209
8.38	1.17964
8.4	1.1772
8.42	1.17477
8.44	1.17235
8.46	1.16994
8.48	1.16754
8.5	1.16516
8.52	1.16278
8.54	1.16041
8.56	1.15806
8.58	1.15571
8.6	1.15338
8.62	1.15105
8.64	1.14874
8.66	1.14643
8.68	1.14413
8.7	1.14185
8.72	1.13957
8.74	1.13731
8.76	1.13505
8.78	1.1328
8.8	1.13056
8.82	1.12834
8.84	1.12612
8.86	1.12391
8.88	1.12171
8.9	1.11951
8.92	1.11733
8.94	1.11516
8.96	1.11299
8.98	1.11084
9	1.10869
9.02	1.10655
9.04	1.10443
9.06	1.1023
9.08	1.10019
9.1	1.09809
9.12	1.09599
9.14	1.09391
9.16	1.09183
9.18	1.08976
9.2	1.0877
9.22	1.08565
9.24	1.0836
9.26	1.08156
9.28	1.07953
9.3	1.07751
9.32	1.0755
9.34	1.0735
9.36	1.0715
9.38	1.06951
9.4	1.06753
9.42	1.06555
9.44	1.06359
9.46	1.06163
9.48	1.05968
9.5	1.05773
9.52	1.0558
9.54	1.05387
9.56	1.05195
9.58	1.05003
9.6	1.04813
9.62	1.04623
9.64	1.04433
9.66	1.04245
9.68	1.04057
9.7	1.0387
9.72	1.03683
9.74	1.03498
9.76	1.03313
9.78	1.03128
9.8	1.02945
9.82	1.02762
9.84	1.02579
9.86	1.02398
9.88	1.02217
9.9	1.02037
9.92	1.01857
9.94	1.01678
9.96	1.015
9.98	1.01322
10	1.01145
10.02	1.00968
10.04	1.00793
10.06	1.00618
10.08	1.00443
10.1	1.00269
10.12	1.00096
10.14	0.999233
10.16	0.997512
10.18	0.995798
10.2	0.99409
10.22	0.992388
10.24	0.990692
10.26	0.989002
10.28	0.987318
10.3	0.985639
10.32	0.983967
10.34	0.9823
10.36	0.980639
10.38	0.978984
10.4	0.977335
10.42	0.975691
10.44	0.974053
10.46	0.972421
10.48	0.970794
10.5	0.969173
10.52	0.967557
10.54	0.965947
10.56	0.964342
10.58	0.962743
10.6	0.961149
10.62	0.959561
10.64	0.957978
10.66	0.9564
10.68	0.954827
10.7	0.95326
10.72	0.951698
10.74	0.950141
10.76	0.94859
10.78	0.947043
10.8	0.945502
10.82	0.943966
10.84	0.942435
10.86	0.940909
10.88	0.939388
10.9	0.937871
10.92	0.93636
10.94	0.934854
10.96	0.933353
10.98	0.931856
11	0.930365
11.02	0.928878
11.04	0.927396
11.06	0.925919
11.08	0.924447
11.1	0.922979
11.12	0.921516
11.14	0.920058
11.16	0.918604
11.18	0.917155
11.2	0.915711
11.22	0.914271
11.24	0.912836
11.26	0.911405
11.28	0.909979
11.3	0.908557
11.32	0.90714
11.34	0.905727
11.36	0.904318
11.38	0.902914
11.4	0.901515
11.42	0.90012
11.44	0.898729
11.46	0.897342
11.48	0.89596
11.5	0.894582
11.52	0.893208
11.54	0.891838
11.56	0.890473
11.58	0.889112
11.6	0.887755
11.62	0.886402
11.64	0.885053
11.66	0.883708
11.68	0.882368
11.7	0.881031
11.72	0.879699
11.74	0.87837
11.76	0.877046
11.78	0.875725
11.8	0.874409
11.82	0.873096
11.84	0.871787
11.86	0.870483
11.88	0.869182
11.9	0.867885
11.92	0.866592
11.94	0.865302
11.96	0.864017
11.98	0.862735
12	0.861457
12.02	0.860183
12.04	0.858912
12.06	0.857646
12.08	0.856383
12.1	0.855123
12.12	0.853868
12.14	0.852616
12.16	0.851367
12.18	0.850122
12.2	0.848881
12.22	0.847644
12.24	0.84641
12.26	0.845179
12.28	0.843952
12.3	0.842729
12.32	0.841509
12.34	0.840293
12.36	0.83908
12.38	0.83787
12.4	0.836664
12.42	0.835461
12.44	0.834262
12.46	0.833066
12.48	0.831874
12.5	0.830685
12.52	0.829499
12.54	0.828317
12.56	0.827137
12.58	0.825962
12.6	0.824789
12.62	0.82362
12.64	0.822454
12.66	0.821291
12.68	0.820132
12.7	0.818975
12.72	0.817822
12.74	0.816672
12.76	0.815525
12.78	0.814382
12.8	0.813241
12.82	0.812104
12.84	0.81097
12.86	0.809839
12.88	0.808711
12.9	0.807586
12.92	0.806464
12.94	0.805345
12.96	0.804229
12.98	0.803116
13	0.802007
13.02	0.8009
13.04	0.799796
13.06	0.798695
13.08	0.797597
13.1	0.796502
13.12	0.795411
13.14	0.794321
13.16	0.793235
13.18	0.792152
13.2	0.791072
13.22	0.789994
13.24	0.788919
13.26	0.787848
13.28	0.786779
13.3	0.785712
13.32	0.784649
13.34	0.783589
13.36	0.782531
13.38	0.781476
13.4	0.780424
13.42	0.779374
13.44	0.778327
13.46	0.777283
13.48	0.776242
13.5	0.775203
13.52	0.774168
13.54	0.773134
13.56	0.772104
13.58	0.771076
13.6	0.770051
13.62	0.769028
13.64	0.768008
13.66	0.766991
13.68	0.765976
13.7	0.764964
13.72	0.763955
13.74	0.762948
13.76	0.761943
13.78	0.760941
13.8	0.759942
13.82	0.758945
13.84	0.757951
13.86	0.756959
13.88	0.75597
13.9	0.754983
13.92	0.753999
13.94	0.753017
13.96	0.752038
13.98	0.751061
14	0.750087
14.02	0.749115
14.04	0.748145
14.06	0.747178
14.08	0.746214
14.1	0.745251
14.12	0.744291
14.14	0.743334
14.16	0.742379
14.18	0.741426
14.2	0.740476
14.22	0.739527
14.24	0.738582
14.26	0.737638
14.28	0.736697
14.3	0.735758
14.32	0.734822
14.34	0.733887
14.36	0.732955
14.38	0.732026
14.4	0.731098
14.42	0.730173
14.44	0.72925
14.46	0.72833
14.48	0.727411
14.5	0.726495
14.52	0.725581
14.54	0.724669
14.56	0.723759
14.58	0.722852
14.6	0.721947
14.62	0.721044
14.64	0.720143
14.66	0.719244
14.68	0.718347
14.7	0.717453
14.72	0.71656
14.74	0.71567
14.76	0.714782
14.78	0.713896
14.8	0.713012
14.82	0.71213
14.84	0.71125
14.86	0.710373
14.88	0.709497
14.9	0.708623
14.92	0.707752
14.94	0.706882
14.96	0.706015
14.98	0.70515
15	0.704286
15.02	0.703425
15.04	0.702566
15.06	0.701708
15.08	0.700853
15.1	0.699999
15.12	0.699148
15.14	0.698299
15.16	0.697451
15.18	0.696606
15.2	0.695762
15.22	0.69492
15.24	0.694081
15.26	0.693243
15.28	0.692407
15.3	0.691573
15.32	0.690741
15.34	0.689911
15.36	0.689083
15.38	0.688257
15.4	0.687432
15.42	0.68661
15.44	0.685789
15.46	0.68497
15.48	0.684153
15.5	0.683338
15.52	0.682525
15.54	0.681713
15.56	0.680903
15.58	0.680096
15.6	0.67929
15.62	0.678485
15.64	0.677683
15.66	0.676882
15.68	0.676084
15.7	0.675287
15.72	0.674491
15.74	0.673698
15.76	0.672906
15.78	0.672116
15.8	0.671328
15.82	0.670542
15.84	0.669757
15.86	0.668974
15.88	0.668193
15.9	0.667413
15.92	0.666635
15.94	0.665859
15.96	0.665085
15.98	0.664312
16	0.663541
16.02	0.662772
16.04	0.662004
16.06	0.661238
16.08	0.660474
16.1	0.659712
16.12	0.658951
16.14	0.658191
16.16	0.657434
16.18	0.656678
16.2	0.655923
16.22	0.655171
16.24	0.65442
16.26	0.65367
16.28	0.652922
16.3	0.652176
16.32	0.651431
16.34	0.650688
16.36	0.649947
16.38	0.649207
16.4	0.648469
16.42	0.647732
16.44	0.646997
16.46	0.646263
16.48	0.645531
16.5	0.644801
16.52	0.644072
16.54	0.643345
16.56	0.642619
16.58	0.641895
16.6	0.641172
16.62	0.640451
16.64	0.639731
16.66	0.639013
16.68	0.638296
16.7	0.637581
16.72	0.636867
16.74	0.636155
16.76	0.635445
16.78	0.634736
16.8	0.634028
16.82	0.633322
16.84	0.632617
16.86	0.631914
16.88	0.631212
16.9	0.630512
16.92	0.629813
16.94	0.629115
16.96	0.628419
16.98	0.627725
17	0.627032
17.02	0.62634
17.04	0.62565
17.06	0.624961
17.08	0.624274
17.1	0.623588
17.12	0.622903
17.14	0.62222
17.16	0.621538
17.18	0.620858
17.2	0.620179
17.22	0.619501
17.24	0.618825
17.26	0.61815
17.28	0.617477
17.3	0.616805
17.32	0.616134
17.34	0.615465
17.36	0.614797
17.38	0.61413
17.4	0.613465
17.42	0.612801
17.44	0.612138
17.46	0.611477
17.48	0.610817
17.5	0.610158
17.52	0.609501
17.54	0.608845
17.56	0.60819
17.58	0.607537
17.6	0.606885
17.62	0.606234
17.64	0.605585
17.66	0.604937
17.68	0.60429
17.7	0.603644
17.72	0.603
17.74	0.602357
17.76	0.601715
17.78	0.601075
17.8	0.600435
17.82	0.599798
17.84	0.599161
17.86	0.598526
17.88	0.597891
17.9	0.597258
17.92	0.596627
17.94	0.595996
17.96	0.595367
17.98	0.594739
18	0.594113
18.02	0.593487
18.04	0.592863
18.06	0.59224
18.08	0.591618
18.1	0.590997
18.12	0.590378
18.14	0.58976
18.16	0.589143
18.18	0.588527
18.2	0.587912
18.22	0.587299
18.24	0.586687
18.26	0.586076
18.28	0.585466
18.3	0.584857
18.32	0.584249
18.34	0.583643
18.36	0.583038
18.38	0.582434
18.4	0.581831
18.42	0.581229
18.44	0.580629
18.46	0.580029
18.48	0.579431
18.5	0.578834
18.52	0.578238
18.54	0.577643
18.56	0.577049
18.58	0.576457
18.6	0.575865
18.62	0.575275
18.64	0.574686
18.66	0.574098
18.68	0.573511
18.7	0.572925
18.72	0.57234
18.74	0.571756
18.76	0.571174
18.78	0.570592
18.8	0.570012
18.82	0.569433
18.84	0.568854
18.86	0.568277
18.88	0.567701
18.9	0.567126
18.92	0.566552
18.94	0.56598
18.96	0.565408
18.98	0.564837
19	0.564268
19.02	0.563699
19.04	0.563131
19.06	0.562565
19.08	0.562
19.1	0.561435
19.12	0.560872
19.14	0.56031
19.16	0.559749
19.18	0.559188
19.2	0.558629
19.22	0.558071
19.24	0.557514
19.26	0.556958
19.28	0.556403
19.3	0.555849
19.32	0.555296
19.34	0.554744
19.36	0.554193
19.38	0.553643
19.4	0.553094
19.42	0.552546
19.44	0.551999
19.46	0.551453
19.48	0.550908
19.5	0.550364
19.52	0.549821
19.54	0.549279
19.56	0.548738
19.58	0.548198
19.6	0.547659
19.62	0.547121
19.64	0.546583
19.66	0.546047
19.68	0.545512
19.7	0.544978
19.72	0.544445
19.74	0.543912
19.76	0.543381
19.78	0.54285
19.8	0.542321
19.82	0.541792
19.84	0.541265
19.86	0.540738
19.88	0.540213
19.9	0.539688
19.92	0.539164
19.94	0.538641
19.96	0.538119
19.98	0.537598
20	0.537078
