0
1e-05
2.05e-05
3.1525e-05
4.310125e-05
5.52563125e-05
6.801912813e-05
8.142008453e-05
9.549108876e-05
0.0001102656432
0.0001257789254
0.0001420678716
0.0001591712652
0.0001771298285
0.0001959863199
0.0002157856359
0.0002365749177
0.0002584036636
0.0002813238467
0.0003053900391
0.000330659541
0.0003571925181
0.000385052144
0.0004143047512
0.0004450199887
0.0004772709882
0.0005111345376
0.0005466912645
0.0005840258277
0.0006232271191
0.000664388475
0.0007076078988
0.0007529882937
0.0008006377084
0.0008506695938
0.0009032030735
0.0009583632272
0.001016281389
0.001077095458
0.001140950231
0.001207997742
0.00127839763
0.001352317511
0.001429933387
0.001511430056
0.001597001559
0.001686851637
0.001781194218
0.001880253929
0.001984266626
0.002093479957
0.002208153955
0.002328561653
0.002454989735
0.002587739222
0.002727126183
0.002873482492
0.003027156617
0.003188514448
0.00335794017
0.003535837179
0.003722629038
0.00391876049
0.004124698514
0.00434093344
0.004567980112
0.004806379117
0.005056698073
0.005319532977
0.005595509626
0.005885285107
0.006189549362
0.006509026831
0.006844478172
0.007196702081
0.007566537185
0.007954864044
0.008362607246
0.008790737608
0.009240274489
0.009712288213
0.01020790262
0.01072829776
0.01127471264
0.01184844828
0.01245087069
0.01308341422
0.01374758493
0.01444496418
0.01517721239
0.01594607301
0.01675337666
0.01760104549
0.01849109777
0.01942565266
0.02040693529
0.02143728205
0.02251914616
0.02365510346
0.02484785864
0.02610025157
0.02741526415
0.02879602736
0.03024582872
0.03176812016
0.03336652617
0.03504485248
0.0368070951
0.03865744985
0.04060032235
0.04264033846
0.04478235539
0.04703147316
0.04939304681
0.05187269916
0.05447633411
0.05721015082
0.06008065836
0.06309469128
0.06625942584
0.06958239713
0.07307151699
0.07673509284
0.08058184748
0.08462093986
0.08886198685
0.09331508619
0.0979908405
0.1029003825
0.1080554017
0.1134681717
0.1191515803
0.1251191593
0.1313851173
0.1379643732
0.1448725918
0.1521262214
0.1597425325
0.1677396591
0.1761366421
0.1849534742
0.1942111479
0.2039317053
0.2141382905
0.2248552051
0.2361079653
0.2479233636
0.2603295318
0.2733560084
0.2870338088
0.3013954992
0.3164752742
0.3323090379
0.3489344898
0.3663912143
0.384720775
0.4039668137
0.4241751544
0.4453939121
0.4676736077
0.4910672881
0.5
0.5089327119
0.5323263923
0.5546060879
0.5758248456
0.5960331863
0.615279225
0.6336087857
0.6510655102
0.6676909621
0.6835247258
0.6986045008
0.7129661912
0.7266439916
0.7396704682
0.7520766364
0.7638920347
0.7751447949
0.7858617095
0.7960682947
0.8057888521
0.8150465258
0.8238633579
0.8322603409
0.8402574675
0.8478737786
0.8551274082
0.8620356268
0.8686148827
0.8748808407
0.8808484197
0.8865318283
0.8919445983
0.8970996175
0.9020091595
0.9066849138
0.9111380132
0.9153790601
0.9194181525
0.9232649072
0.926928483
0.9304176029
0.9337405742
0.9369053087
0.9399193416
0.9427898492
0.9455236659
0.9481273008
0.9506069532
0.9529685268
0.9552176446
0.9573596615
0.9593996777
0.9613425501
0.9631929049
0.9649551475
0.9666334738
0.9682318798
0.9697541713
0.9712039726
0.9725847359
0.9738997484
0.9751521414
0.9763448965
0.9774808538
0.9785627179
0.9795930647
0.9805743473
0.9815089022
0.9823989545
0.9832466233
0.984053927
0.9848227876
0.9855550358
0.9862524151
0.9869165858
0.9875491293
0.9881515517
0.9887252874
0.9892717022
0.9897920974
0.9902877118
0.9907597255
0.9912092624
0.9916373928
0.992045136
0.9924334628
0.9928032979
0.9931555218
0.9934909732
0.9938104506
0.9941147149
0.9944044904
0.994680467
0.9949433019
0.9951936209
0.9954320199
0.9956590666
0.9958753015
0.9960812395
0.996277371
0.9964641628
0.9966420598
0.9968114856
0.9969728434
0.9971265175
0.9972728738
0.9974122608
0.9975450103
0.9976714383
0.997791846
0.99790652
0.9980157334
0.9981197461
0.9982188058
0.9983131484
0.9984029984
0.9984885699
0.9985700666
0.9986476825
0.9987216024
0.9987920023
0.9988590498
0.9989229045
0.9989837186
0.9990416368
0.9990967969
0.9991493304
0.9991993623
0.9992470117
0.9992923921
0.9993356115
0.9993767729
0.9994159742
0.9994533087
0.9994888655
0.999522729
0.99955498
0.9995856952
0.9996149479
0.9996428075
0.9996693405
0.99969461
0.9997186762
0.9997415963
0.9997634251
0.9997842144
0.9998040137
0.9998228702
0.9998408287
0.9998579321
0.9998742211
0.9998897344
0.9999045089
0.9999185799
0.9999319809
0.9999447437
0.9999568988
0.999968475
0.9999795
0.99999
1
1.00001
1.0000205
1.000031525
1.000043101
1.000055256
1.000068019
1.00008142
1.000095491
1.000110266
1.000125779
1.000142068
1.000159171
1.00017713
1.000195986
1.000215786
1.000236575
1.000258404
1.000281324
1.00030539
1.00033066
1.000357193
1.000385052
1.000414305
1.00044502
1.000477271
1.000511135
1.000546691
1.000584026
1.000623227
1.000664388
1.000707608
1.000752988
1.000800638
1.00085067
1.000903203
1.000958363
1.001016281
1.001077095
1.00114095
1.001207998
1.001278398
1.001352318
1.001429933
1.00151143
1.001597002
1.001686852
1.001781194
1.001880254
1.001984267
1.00209348
1.002208154
1.002328562
1.00245499
1.002587739
1.002727126
1.002873482
1.003027157
1.003188514
1.00335794
1.003535837
1.003722629
1.00391876
1.004124699
1.004340933
1.00456798
1.004806379
1.005056698
1.005319533
1.00559551
1.005885285
1.006189549
1.006509027
1.006844478
1.007196702
1.007566537
1.007954864
1.008362607
1.008790738
1.009240274
1.009712288
1.010207903
