-1
-1.81818e+08
-1.50263e+08
-1.24184e+08
-1.02632e+08
-8.48195e+07
-7.00988e+07
-5.79329e+07
-4.78784e+07
-3.95689e+07
-3.27016e+07
-2.70261e+07
-2.23356e+07
-1.84592e+07
-1.52555e+07
-1.26079e+07
-1.04197e+07
-8.61136e+06
-7.11683e+06
-5.88168e+06
-4.86089e+06
-4.01727e+06
-3.32006e+06
-2.74385e+06
-2.26765e+06
-1.87409e+06
-1.54884e+06
-1.28003e+06
-1.05788e+06
-874283
-722549
-597150
-493514
-407865
-337080
-278580
-230233
-190277
-157256
-129965
-107411
-88771.1
-73366.3
-60635
-50113.3
-41417.7
-34231.2
-28292
-23383.6
-19327
-15974.5
-13203.8
-10913.9
-9021.52
-7457.54
-6164.99
-5096.77
-4213.94
-3484.33
-2881.35
-2383.01
-1971.17
-1630.8
-1349.51
-1117.03
-4230.8
-17712
-4230.8
-1117.03
-1349.51
-1630.8
-1971.17
-2383.01
-2881.35
-3484.33
-4213.94
-5096.77
-6164.99
-7457.54
-9021.52
-10913.9
-13203.8
-15974.5
-19327
-23383.6
-28292
-34231.2
-41417.7
-50113.3
-60635
-73366.3
-88771.1
-107411
-129965
-157256
-190277
-230233
-278580
-337080
-407865
-493514
-597150
-722549
-874283
-1.05788e+06
-1.28003e+06
-1.54884e+06
-1.87409e+06
-2.26765e+06
-2.74385e+06
-3.32006e+06
-4.01727e+06
-4.86089e+06
-5.88168e+06
-7.11683e+06
-8.61136e+06
-1.04197e+07
-1.26079e+07
-1.52555e+07
-1.84592e+07
-2.23356e+07
-2.70261e+07
-3.27016e+07
-3.95689e+07
-4.78784e+07
-5.79329e+07
-7.00988e+07
-8.48195e+07
-1.02632e+08
-1.24184e+08
-1.50263e+08
-1.81818e+08
-2e+08
-1.81818e+08
-1.50263e+08
-1.24184e+08
-1.02632e+08
-8.48195e+07
-7.00988e+07
-5.79329e+07
-4.78784e+07
-3.95689e+07
-3.27016e+07
-2.70261e+07
-2.23356e+07
-1.84592e+07
-1.52555e+07
-1.26079e+07
-1.04197e+07
-8.61136e+06
-7.11683e+06
-5.88168e+06
-4.86089e+06
-4.01727e+06
-3.32006e+06
-2.74385e+06
-2.26765e+06
-1.87409e+06
-1.54884e+06
-1.28003e+06
-1.05788e+06
-874283
-722549
-597150
-493514
-407865
-337080
-278580
-230233
-190277
-157256
-129965
-107411
-88771.1
-73366.3
-60635
-50113.3
-41417.7
-34231.2
-28292
-23383.6
-19327
-15974.5
-13203.8
-10913.9
-9021.52
-7457.54
-6164.99
-5096.77
-4213.94
-3484.33
-2881.35
-2383.01
-1971.17
-1630.8
-1349.51
-1117.03
-924.9
-766.116
-634.889
-526.437
-436.808
-362.734
-301.515
-250.922
-209.109
-174.553
-145.994
-122.392
-102.886
-86.7651
-73.4422
-62.4316
-53.3319
-45.8115
-39.5963
-34.4597
-30.2146
-26.7063
-23.8069
-21.4106
-19.4303
-17.7936
-16.441
-15.3231
-14.3993
-13.6358
-13.0048
-12.4833
-12.0523
-11.6961
-11.4018
-11.1585
-10.9574
-10.7913
-10.6539
-10.5404
-10.4466
-10.3691
-10.3051
-10.2521
-10.2084
-10.1722
-10.1423
-10.1176
-10.0972
-10.0803
-10.0664
-10.0549
-10.0453
-10.0375
-10.031
-10.0256
-10.0212
-10.0175
-10.0144
-10.0119
-10.0099
-10.0082
-10.0067
-10.0056
-10.0046
1
