0
0.0001
0.00021
0.000331
0.0004641
0.00061051
0.000771561
0.000948717
0.00114359
0.00135795
0.00159374
0.00185312
0.00213843
0.00245227
0.0027975
0.00317725
0.00359497
0.00405447
0.00455992
0.00511591
0.0057275
0.00640025
0.00714027
0.0079543
0.00884973
0.00983471
0.0109182
0.01211
0.013421
0.0148631
0.0164494
0.0181943
0.0201138
0.0222252
0.0245477
0.0271024
0.0299127
0.0330039
0.0364043
0.0401448
0.0442593
0.0487852
0.0537637
0.0592401
0.0652641
0.0718905
0.0791795
0.0871975
0.0960172
0.105719
0.116391
0.12813
0.141043
0.155247
0.170872
0.188059
0.206965
0.227762
0.250638
0.275801
0.303482
0.33393
0.367423
0.404265
0.444792
0.489371
0.538408
