0
0.0001
0.00021
0.000331
0.0004641
0.00061051
0.000771561
0.000948717
0.00114359
0.00135795
0.00159374
0.00185312
0.00213843
0.00245227
0.0027975
0.00317725
0.00359497
0.00405447
0.00455992
0.00511591
0.0057275
0.00640025
0.00714027
0.0079543
0.00884973
0.00983471
0.0109182
0.01211
0.013421
0.0148631
0.0164494
0.0181943
0.0201138
0.0222252
0.0245477
0.0271024
0.0299127
0.0330039
0.0364043
0.0401448
0.0442593
0.0487852
0.0537637
0.0592401
0.0652641
0.0718905
0.0791795
0.0871975
0.0960172
0.105719
0.116391
0.12813
0.141043
0.155247
0.170872
0.188059
0.206965
0.227762
0.250638
0.275801
0.303482
0.33393
0.367423
0.404265
0.444792
0.489371
0.5
0.510629
0.555208
0.595735
0.632577
0.66607
0.696518
0.724199
0.749362
0.772238
0.793035
0.811941
0.829128
0.844753
0.858957
0.87187
0.883609
0.894281
0.903983
0.912803
0.92082
0.92811
0.934736
0.94076
0.946236
0.951215
0.955741
0.959855
0.963596
0.966996
0.970087
0.972898
0.975452
0.977775
0.979886
0.981806
0.983551
0.985137
0.986579
0.98789
0.989082
0.990165
0.99115
0.992046
0.99286
0.9936
0.994273
0.994884
0.99544
0.995946
0.996405
0.996823
0.997203
0.997548
0.997862
0.998147
0.998406
0.998642
0.998856
0.999051
0.999228
0.999389
0.999536
0.999669
0.99979
0.9999
1
1.0001
1.00021
1.00033
1.00046
1.00061
1.00077
1.00095
1.00114
1.00136
1.00159
1.00185
1.00214
1.00245
1.0028
1.00318
1.00359
1.00405
1.00456
1.00512
1.00573
1.0064
1.00714
1.00795
1.00885
1.00983
1.01092
1.01211
1.01342
1.01486
1.01645
1.01819
1.02011
1.02223
1.02455
1.0271
1.02991
1.033
1.0364
1.04014
1.04426
1.04879
1.05376
1.05924
1.06526
1.07189
1.07918
1.0872
1.09602
1.10572
1.11639
1.12813
1.14104
1.15525
1.17087
1.18806
1.20697
1.22776
1.25064
1.2758
1.30348
1.33393
1.36742
1.40427
1.44479
1.48937
1.53841
