0
0.0001
0.000205
0.00031525
0.000431012
0.000552563
0.000680191
0.000814201
0.000954911
0.00110266
0.00125779
0.00142068
0.00159171
0.0017713
0.00195986
0.00215786
0.00236575
0.00258404
0.00281324
0.0030539
0.0033066
0.00357193
0.00385052
0.00414305
0.0044502
0.00477271
0.00511135
0.00546691
0.00584026
0.00623227
0.00664388
0.00707608
0.00752988
0.00800638
0.0085067
0.00903203
0.00958363
0.0101628
0.010771
0.0114095
0.01208
0.012784
0.0135232
0.0142993
0.0151143
0.01597
0.0168685
0.0178119
0.0188025
0.0198427
0.0209348
0.0220815
0.0232856
0.0245499
0.0258774
0.0272713
0.0287348
0.0302716
0.0318851
0.0335794
0.0353584
0.0372263
0.0391876
0.041247
0.0434093
0.0456798
0.0480638
0.050567
0.0531953
0.0559551
0.0588529
0.0618955
0.0650903
0.0684448
0.071967
0.0756654
0.0795486
0.0836261
0.0879074
0.0924027
0.0971229
0.102079
0.107283
0.112747
0.118484
0.124509
0.130834
0.137476
0.14445
0.151772
0.159461
0.167534
0.17601
0.184911
0.194257
0.204069
0.214373
0.225191
0.236551
0.248479
0.261003
0.274153
0.28796
0.302458
0.317681
0.333665
0.350449
0.368071
0.386574
0.406003
0.426403
0.447824
0.470315
0.49393
0.5
0.50607
0.529685
0.552176
0.573597
0.593997
0.613426
0.631929
0.649551
0.666335
0.682319
0.697542
0.71204
0.725847
0.738997
0.751521
0.763449
0.774809
0.785627
0.795931
0.805743
0.815089
0.82399
0.832466
0.840539
0.848228
0.85555
0.862524
0.869166
0.875491
0.881516
0.887253
0.892717
0.897921
0.902877
0.907597
0.912093
0.916374
0.920451
0.924335
0.928033
0.931555
0.93491
0.938105
0.941147
0.944045
0.946805
0.949433
0.951936
0.95432
0.956591
0.958753
0.960812
0.962774
0.964642
0.966421
0.968115
0.969728
0.971265
0.972729
0.974123
0.97545
0.976714
0.977918
0.979065
0.980157
0.981197
0.982188
0.983131
0.98403
0.984886
0.985701
0.986477
0.987216
0.98792
0.98859
0.989229
0.989837
0.990416
0.990968
0.991493
0.991994
0.99247
0.992924
0.993356
0.993768
0.99416
0.994533
0.994889
0.995227
0.99555
0.995857
0.996149
0.996428
0.996693
0.996946
0.997187
0.997416
0.997634
0.997842
0.99804
0.998229
0.998408
0.998579
0.998742
0.998897
0.999045
0.999186
0.99932
0.999447
0.999569
0.999685
0.999795
0.9999
1
1.0001
1.00021
1.00032
1.00043
1.00055
1.00068
1.00081
1.00095
1.0011
1.00126
1.00142
1.00159
1.00177
1.00196
1.00216
1.00237
1.00258
1.00281
1.00305
1.00331
1.00357
1.00385
1.00414
1.00445
1.00477
1.00511
1.00547
1.00584
1.00623
1.00664
1.00708
1.00753
1.00801
1.00851
1.00903
1.00958
1.01016
1.01077
1.01141
1.01208
1.01278
1.01352
1.0143
1.01511
1.01597
1.01687
1.01781
1.0188
1.01984
1.02093
1.02208
1.02329
1.02455
1.02588
1.02727
1.02873
1.03027
1.03189
1.03358
1.03536
1.03723
1.03919
1.04125
1.04341
1.04568
1.04806
1.05057
1.0532
1.05596
1.05885
1.0619
1.06509
1.06844
1.07197
1.07567
1.07955
1.08363
1.08791
1.0924
1.09712
1.10208
1.10728
1.11275
1.11848
1.12451
1.13083
1.13748
1.14445
1.15177
1.15946
1.16753
1.17601
1.18491
1.19426
1.20407
1.21437
1.22519
1.23655
1.24848
1.261
1.27415
1.28796
1.30246
1.31768
1.33367
1.35045
1.36807
1.38657
1.406
1.4264
1.44782
1.47031
1.49393
1.51873
1.54476
1.5721
1.60081
1.63095
1.66259
1.69582
1.73072
1.76735
1.80582
1.84621
1.88862
1.93315
1.97991
2.029
2.08055
2.13468
2.19152
2.25119
2.31385
2.37964
2.44873
2.52126
2.59743
2.6774
2.76137
2.84953
2.94211
3.03932
3.14138
3.24855
3.36108
3.47923
3.6033
3.73356
3.87034
4.01395
4.16475
4.32309
4.48934
4.66391
4.84721
5.03967
5.24175
5.45394
5.67674
5.91067
6.15631
6.41422
