0
0.0001
0.000205
0.00031525
0.000431012
0.000552563
0.000680191
0.000814201
0.000954911
0.00110266
0.00125779
0.00142068
0.00159171
0.0017713
0.00195986
0.00215786
0.00236575
0.00258404
0.00281324
0.0030539
0.0033066
0.00357193
0.00385052
0.00414305
0.0044502
0.00477271
0.00511135
0.00546691
0.00584026
0.00623227
0.00664388
0.00707608
0.00752988
0.00800638
0.0085067
0.00903203
0.00958363
0.0101628
0.010771
0.0114095
0.01208
0.012784
0.0135232
0.0142993
0.0151143
0.01597
0.0168685
0.0178119
0.0188025
0.0198427
0.0209348
0.0220815
0.0232856
0.0245499
0.0258774
0.0272713
0.0287348
0.0302716
0.0318851
0.0335794
0.0353584
0.0372263
0.0391876
0.041247
0.0434093
0.0456798
0.0480638
0.050567
0.0531953
0.0559551
0.0588529
0.0618955
0.0650903
0.0684448
0.071967
0.0756654
0.0795486
0.0836261
0.0879074
0.0924027
0.0971229
0.102079
0.107283
0.112747
0.118484
0.124509
0.130834
0.137476
0.14445
0.151772
0.159461
0.167534
0.17601
0.184911
0.194257
0.204069
0.214373
0.225191
0.236551
0.248479
0.261003
0.274153
0.28796
0.302458
0.317681
0.333665
0.350449
0.368071
0.386574
0.406003
0.426403
0.447824
0.470315
0.49393
0.518727
0.544763
0.572102
0.600807
0.630947
0.662594
0.695824
0.730715
0.767351
0.805818
0.846209
0.88862
0.933151
0.979908
1.029
1.08055
1.13468
1.19152
1.25119
1.31385
1.37964
1.44873
1.52126
1.59743
1.6774
1.76137
1.84953
1.94211
2.03932
2.14138
2.24855
2.36108
2.47923
2.6033
2.73356
2.87034
3.01395
3.16475
3.32309
3.48934
3.66391
3.84721
4.03967
4.24175
4.45394
4.67674
4.91067
5.15631
5.41422
