0
1e-05
2.05e-05
3.1525e-05
4.310125e-05
5.52563125e-05
6.801912813e-05
8.142008453e-05
9.549108876e-05
0.0001102656432
0.0001257789254
0.0001420678716
0.0001591712652
0.0001771298285
0.0001959863199
0.0002157856359
0.0002365749177
0.0002584036636
0.0002813238467
0.0003053900391
0.000330659541
0.0003571925181
0.000385052144
0.0004143047512
0.0004450199887
0.0004772709882
0.0005111345376
0.0005466912645
0.0005840258277
0.0006232271191
0.000664388475
0.0007076078988
0.0007529882937
0.0008006377084
0.0008506695938
0.0009032030735
0.0009583632272
0.001016281389
0.001077095458
0.001140950231
0.001207997742
0.00127839763
0.001352317511
0.001429933387
0.001511430056
0.001597001559
0.001686851637
0.001781194218
0.001880253929
0.001984266626
0.002093479957
0.002208153955
0.002328561653
0.002454989735
0.002587739222
0.002727126183
0.002873482492
0.003027156617
0.003188514448
0.00335794017
0.003535837179
0.003722629038
0.00391876049
0.004124698514
0.00434093344
0.004567980112
0.004806379117
0.005056698073
0.005319532977
0.005595509626
0.005885285107
0.006189549362
0.006509026831
0.006844478172
0.007196702081
0.007566537185
0.007954864044
0.008362607246
0.008790737608
0.009240274489
0.009712288213
0.01020790262
0.01072829776
0.01127471264
0.01184844828
0.01245087069
0.01308341422
0.01374758493
0.01444496418
0.01517721239
0.01594607301
0.01675337666
0.01760104549
0.01849109777
0.01942565266
0.02040693529
0.02143728205
0.02251914616
0.02365510346
0.02484785864
0.02610025157
0.02741526415
0.02879602736
0.03024582872
0.03176812016
0.03336652617
0.03504485248
0.0368070951
0.03865744985
0.04060032235
0.04264033846
0.04478235539
0.04703147316
0.04939304681
0.05187269916
0.05447633411
0.05721015082
0.06008065836
0.06309469128
0.06625942584
0.06958239713
0.07307151699
0.07673509284
0.08058184748
0.08462093986
0.08886198685
0.09331508619
0.0979908405
0.1029003825
0.1080554017
0.1134681717
0.1191515803
0.1251191593
0.1313851173
0.1379643732
0.1448725918
0.1521262214
0.1597425325
0.1677396591
0.1761366421
0.1849534742
0.1942111479
0.2039317053
0.2141382905
0.2248552051
0.2361079653
0.2479233636
0.2603295318
0.2733560084
0.2870338088
0.3013954992
0.3164752742
0.3323090379
0.3489344898
0.3663912143
0.384720775
0.4039668137
0.4241751544
0.4453939121
0.4676736077
0.4910672881
0.5156306525
0.5414221852
0.5685032944
0.5969384591
0.6267953821
0.6581451512
0.6910624088
0.7256255292
0.7619168057
0.8000226459
0.8400337782
0.8820454671
0.9261577405
0.9724756275
1.021109409
1.072174879
1.125793623
1.182093304
1.24120797
1.303278368
1.368452287
1.436884901
1.508739146
1.584186103
1.663405408
1.746585679
1.833924963
1.925631211
2.021922771
2.12302891
2.229190356
2.340659873
2.457702867
2.58059801
2.709637911
2.845129806
2.987396297
3.136776112
3.293624917
3.458316163
3.631241971
3.81281407
4.003464773
4.203648012
4.413840412
4.634542433
4.866279555
5
5.133720445
5.365457567
5.586159588
5.796351988
5.996535227
6.18718593
6.368758029
6.541683837
6.706375083
6.863223888
7.012603703
7.154870194
7.290362089
7.41940199
7.542297133
7.659340127
7.770809644
7.87697109
7.978077229
8.074368789
8.166075037
8.253414321
8.336594592
8.415813897
8.491260854
8.563115099
8.631547713
8.696721632
8.75879203
8.817906696
8.874206377
8.927825121
8.978890591
9.027524372
9.073842259
9.117954533
9.159966222
9.199977354
9.238083194
9.274374471
9.308937591
9.341854849
9.373204618
9.403061541
9.431496706
9.458577815
9.484369347
9.508932712
9.532326392
9.554606088
9.575824846
9.596033186
9.615279225
9.633608786
9.65106551
9.667690962
9.683524726
9.698604501
9.712966191
9.726643992
9.739670468
9.752076636
9.763892035
9.775144795
9.785861709
9.796068295
9.805788852
9.815046526
9.823863358
9.832260341
9.840257468
9.847873779
9.855127408
9.862035627
9.868614883
9.874880841
9.88084842
9.886531828
9.891944598
9.897099617
9.902009159
9.906684914
9.911138013
9.91537906
9.919418153
9.923264907
9.926928483
9.930417603
9.933740574
9.936905309
9.939919342
9.942789849
9.945523666
9.948127301
9.950606953
9.952968527
9.955217645
9.957359662
9.959399678
9.96134255
9.963192905
9.964955148
9.966633474
9.96823188
9.969754171
9.971203973
9.972584736
9.973899748
9.975152141
9.976344897
9.977480854
9.978562718
9.979593065
9.980574347
9.981508902
9.982398955
9.983246623
9.984053927
9.984822788
9.985555036
9.986252415
9.986916586
9.987549129
9.988151552
9.988725287
9.989271702
9.989792097
9.990287712
9.990759726
9.991209262
9.991637393
9.992045136
9.992433463
9.992803298
9.993155522
9.993490973
9.993810451
9.994114715
9.99440449
9.994680467
9.994943302
9.995193621
9.99543202
9.995659067
9.995875301
9.99608124
9.996277371
9.996464163
9.99664206
9.996811486
9.996972843
9.997126518
9.997272874
9.997412261
9.99754501
9.997671438
9.997791846
9.99790652
9.998015733
9.998119746
9.998218806
9.998313148
9.998402998
9.99848857
9.998570067
9.998647682
9.998721602
9.998792002
9.99885905
9.998922905
9.998983719
9.999041637
9.999096797
9.99914933
9.999199362
9.999247012
9.999292392
9.999335612
9.999376773
9.999415974
9.999453309
9.999488865
9.999522729
9.99955498
9.999585695
9.999614948
9.999642807
9.99966934
9.99969461
9.999718676
9.999741596
9.999763425
9.999784214
9.999804014
9.99982287
9.999840829
9.999857932
9.999874221
9.999889734
9.999904509
9.99991858
9.999931981
9.999944744
9.999956899
9.999968475
9.9999795
9.99999
10
10.00001
10.0000205
10.00003152
10.0000431
10.00005526
10.00006802
10.00008142
10.00009549
10.00011027
10.00012578
10.00014207
10.00015917
10.00017713
10.00019599
10.00021579
10.00023657
10.0002584
10.00028132
10.00030539
10.00033066
10.00035719
10.00038505
10.0004143
10.00044502
10.00047727
10.00051113
10.00054669
10.00058403
10.00062323
10.00066439
10.00070761
10.00075299
10.00080064
10.00085067
10.0009032
10.00095836
10.00101628
10.0010771
10.00114095
10.001208
10.0012784
10.00135232
10.00142993
10.00151143
10.001597
10.00168685
10.00178119
10.00188025
10.00198427
10.00209348
10.00220815
10.00232856
10.00245499
10.00258774
10.00272713
10.00287348
10.00302716
10.00318851
10.00335794
10.00353584
10.00372263
10.00391876
10.0041247
10.00434093
10.00456798
10.00480638
10.0050567
10.00531953
10.00559551
10.00588529
10.00618955
10.00650903
10.00684448
10.0071967
10.00756654
10.00795486
10.00836261
10.00879074
10.00924027
10.00971229
10.0102079
10.0107283
10.01127471
10.01184845
10.01245087
10.01308341
10.01374758
10.01444496
10.01517721
10.01594607
10.01675338
10.01760105
10.0184911
10.01942565
10.02040694
10.02143728
10.02251915
10.0236551
10.02484786
10.02610025
10.02741526
10.02879603
10.03024583
10.03176812
10.03336653
10.03504485
10.0368071
10.03865745
10.04060032
10.04264034
10.04478236
10.04703147
10.04939305
10.0518727
10.05447633
10.05721015
10.06008066
10.06309469
10.06625943
10.0695824
10.07307152
10.07673509
10.08058185
10.08462094
10.08886199
10.09331509
10.09799084
10.10290038
10.1080554
10.11346817
10.11915158
10.12511916
10.13138512
10.13796437
10.14487259
10.15212622
10.15974253
10.16773966
10.17613664
10.18495347
10.19421115
10.20393171
10.21413829
10.22485521
10.23610797
10.24792336
10.26032953
10.27335601
10.28703381
10.3013955
10.31647527
10.33230904
10.34893449
10.36639121
10.38472077
10.40396681
10.42417515
10.44539391
10.46767361
10.49106729
10.51563065
10.54142219
10.56850329
10.59693846
10.62679538
10.65814515
10.69106241
10.72562553
10.76191681
10.80002265
10.84003378
10.88204547
10.92615774
10.97247563
11.02110941
11.07217488
11.12579362
11.1820933
11.24120797
11.30327837
11.36845229
11.4368849
11.50873915
11.5841861
11.66340541
11.74658568
11.83392496
11.92563121
12.02192277
12.12302891
12.22919036
12.34065987
12.45770287
12.58059801
12.70963791
12.84512981
12.9873963
13.13677611
13.29362492
13.45831616
13.63124197
13.81281407
14.00346477
14.20364801
14.41384041
14.63454243
14.86627955
15.10960353
15.36509371
15.63335839
15.91503631
16.21079813
16.52134804
16.84742544
17.18980671
17.54930705
17.9267824
18.32313152
18.73929809
19.176273
19.63509665
20.11686148
20.62271455
21.15386028
21.7115633
22.29715146
22.91201903
23.55762999
24.23552149
24.94730756
25.69468294
26.47942709
27.30340844
28.16858886
29.0770283
30.03088972
31.03244421
32.08407642
33.18829024
34.34771475
35.56511049
36.84337601
38.18555481
39.59484255
41.07459468
42.62833441
44.25976113
45.97275919
47.77140715
49.65998751
51.64299688
53.72515673
55.91142456
58.20700579
60.61736608
63.14824438
65.8056666
68.59595993
71.52576793
74.60206633
77.83217964
81.22379863
84.78499856
88.52425848
92.45048141
96.57301548
100.9016763
105.4467701
110.2191186
115.2300845
120.4915987
126.0161887
131.8170081
137.9078685
144.3032719
151.0184455
158.0693778
165.4728567
173.2465095
181.408845
189.9792972
198.9782721
208.4271957
218.3485655
228.7660038
239.704314
251.1895397
263.2490266
275.911488
289.2070724
303.167436
317.8258178
333.2171187
349.3779846
366.3468938
384.1642485
402.872471
422.5161045
443.1419197
464.7990257
487.538987
511.4159464
536.4867537
562.8111014
590.4516664
619.4742597
649.9479827
681.9453919
715.5426715
750.819815
787.8608158
826.7538666
867.5915699
910.4711584
955.4947263
1002.769473
1052.407956
1104.528364
1159.254792
1216.717542
1277.053429
1340.40611
1406.926426
1476.772757
1550.111405
1627.116985
1707.972845
1792.871497
1882.015082
1975.615846
2073.896648
2177.091491
2285.446075
2399.218389
2518.679318
2644.113294
2775.818969
2914.109927
3059.315434
3211.781215
3371.870286
3539.96381
3716.462011
3901.785121
4096.374388
4300.693117
4515.227783
4740.489182
4977.013651
5225.364344
5486.132571
5759.939209
6047.43618
6349.307999
6666.273409
6999.087089
7348.541454
7715.468536
8100.741973
8505.279082
8930.043046
9376.045208
9844.347479
10336.06486
10852.36812
11394.48653
11963.71087
12561.39642
13188.96625
13847.91457
14539.81031
15266.30084
16029.11589
16830.0717
17671.07529
